0 -1100.912559 0.060994
1 -2764.091366 0.267818
2 -4201.220518 0.483446
3 -4867.814468 0.589670
4 -5263.399704 0.652577
5 -5431.358143 0.680571
6 -5511.530449 0.694584
7 -5508.861812 0.696954
8 -5568.901840 0.708576
9 -5593.693041 0.712548
10 -5616.387758 0.717032
11 -5640.946658 0.720810
12 -5615.337189 0.720457
13 -5667.480115 0.728275
14 -5609.338452 0.720646
15 -5655.918125 0.727649
16 -5654.051446 0.728534
17 -5637.538566 0.726311
18 -5612.820186 0.723955
19 -5613.471022 0.723799
20 -5654.800343 0.729257
21 -5649.437099 0.728933
22 -5642.221601 0.728540
23 -5616.943029 0.724665
24 -5640.518049 0.728266
25 -5698.022106 0.736731
26 -5630.291232 0.727517
27 -5638.985638 0.728051
28 -5629.747412 0.726786
29 -5605.797092 0.723779
30 -5653.621652 0.730002
31 -5662.162470 0.730674
32 -5668.639035 0.732519
33 -5623.235617 0.726071
34 -5633.705587 0.727394
35 -5648.611581 0.729600
36 -5613.713799 0.724778
37 -5655.665752 0.730724
38 -5603.004542 0.722795
39 -5634.893919 0.727514
40 -5642.233066 0.728865
41 -5585.939096 0.721323
42 -5668.640366 0.732081
43 -5662.659833 0.730745
44 -5640.663547 0.727649
45 -5645.205228 0.728996
46 -5673.552003 0.732013
47 -5636.129957 0.727690
48 -5625.596066 0.726262
49 -5627.560639 0.726427
50 -5692.457337 0.734409
51 -5656.195478 0.730382
52 -5670.322329 0.732272
53 -5689.897636 0.734367
54 -5638.241955 0.727830
55 -5672.280191 0.732839
56 -5681.148715 0.732691
57 -5645.583774 0.728634
58 -5673.773040 0.732010
59 -5639.111074 0.728064
60 -5672.009276 0.732467
61 -5637.453293 0.727819
62 -5683.891611 0.734269
63 -5650.388585 0.730071
64 -5653.828616 0.730265
65 -5656.994116 0.729844
66 -5615.833212 0.724777
67 -5647.371776 0.729660
68 -5635.981655 0.728255
69 -5619.973708 0.725227
70 -5660.588356 0.730939
71 -5683.691797 0.733698
72 -5627.126014 0.726101
73 -5619.990219 0.724973
74 -5654.378395 0.730676
75 -5632.266845 0.726929
76 -5647.503777 0.728406
77 -5698.741430 0.736336
78 -5660.428410 0.731154
79 -5661.299126 0.731101
80 -5672.792683 0.732253
81 -5639.505274 0.728181
82 -5634.243626 0.728194
83 -5668.196070 0.731723
84 -5668.291869 0.732225
85 -5626.192049 0.726480
86 -5647.383540 0.728891
87 -5641.967454 0.728097
88 -5637.399868 0.727884
89 -5682.522150 0.733390
90 -5648.301398 0.728804
91 -5679.635978 0.733002
92 -5659.334822 0.730730
93 -5646.075030 0.728646
94 -5674.716397 0.732603
95 -5666.188831 0.731538
96 -5679.304958 0.733232
97 -5670.110912 0.732100
98 -5689.747791 0.734444
99 -5668.901898 0.730996
100 -5622.125782 0.725631
101 -5644.175156 0.728809
102 -5658.026352 0.730955
103 -5703.214722 0.736892
104 -5654.741799 0.730507
105 -5671.537114 0.732083
106 -5672.914949 0.732687
107 -5668.326559 0.731569
108 -5621.840414 0.725956
109 -5648.897963 0.729499
110 -5627.848101 0.726336
111 -5676.133810 0.732227
112 -5690.518817 0.734847
113 -5631.995133 0.727133
114 -5663.022633 0.731363
115 -5675.789903 0.732828
116 -5658.759257 0.730080
117 -5642.755207 0.727753
118 -5611.431712 0.723251
119 -5649.972534 0.728452
120 -5647.631392 0.728575
121 -5657.737613 0.730008
122 -5679.300571 0.733643
123 -5698.215731 0.736878
124 -5710.739205 0.737823
125 -5643.713362 0.728195
126 -5633.783770 0.726858
127 -5627.194205 0.726012
128 -5684.871587 0.733639
129 -5648.069425 0.728885
130 -5696.440392 0.736229
131 -5643.309605 0.728793
132 -5670.200377 0.732710
133 -5645.238608 0.728998
134 -5583.155351 0.719872
135 -5592.524014 0.720512
136 -5637.300125 0.727221
137 -5687.997162 0.734911
138 -5646.742234 0.729265
139 -5628.221773 0.725403
140 -5623.885844 0.726515
141 -5679.359046 0.734435
142 -5660.666178 0.731380
143 -5655.954273 0.729816
144 -5658.339933 0.730469
145 -5671.814239 0.732285
146 -5581.411954 0.719598
147 -5625.170906 0.725093
148 -5663.466733 0.730967
149 -5689.376132 0.735100
150 -5665.655072 0.731051
151 -5661.263054 0.731608
152 -5608.296565 0.723493
153 -5636.061757 0.727599
154 -5693.882384 0.735253
155 -5708.883774 0.738227
156 -5705.559701 0.737596
157 -5677.808218 0.732797
158 -5665.716709 0.731082
159 -5646.578930 0.728843
160 -5637.124358 0.727982
161 -5698.214467 0.735350
162 -5673.006209 0.732520
163 -5661.513856 0.730822
164 -5682.761484 0.733797
165 -5628.324876 0.726012
166 -5661.355088 0.730671
167 -5681.643451 0.733034
168 -5627.871441 0.726586
169 -5645.691249 0.728934
170 -5706.551355 0.738005
171 -5672.691095 0.731898
172 -5653.908855 0.729897
173 -5672.027078 0.732145
174 -5699.824458 0.736384
175 -5685.036271 0.733996
176 -5671.253273 0.732703
177 -5653.214363 0.729427
178 -5699.511911 0.735746
179 -5683.844145 0.734421
180 -5629.553040 0.727067
181 -5664.351527 0.731850
182 -5652.116924 0.729888
183 -5680.052673 0.733875
184 -5667.684501 0.731267
185 -5663.504964 0.730994
186 -5669.916103 0.731782
187 -5639.438662 0.728776
188 -5618.449510 0.724692
189 -5622.494456 0.725127
190 -5645.344146 0.728638
191 -5669.178290 0.732315
192 -5640.551673 0.727992
193 -5636.600148 0.727666
194 -5674.922300 0.732591
195 -5649.369836 0.729762
196 -5648.534448 0.729648
197 -5661.536517 0.731217
198 -5641.118731 0.727754
199 -5708.546404 0.737067
10.000000 -5600.205175 198.793850 0.720993 0.030410
