0.000000	-7592.071484	1.000000
0.200000	-7592.071484	1.000000
0.400000	-7592.071484	1.000000
0.600000	-7592.071484	1.000000
0.800000	-7592.071484	1.000000
1.000000	-7592.071484	1.000000
1.200000	-7592.071484	1.000000
1.400000	-7592.071484	1.000000
1.600000	-7592.071484	1.000000
1.800000	-7592.071484	1.000000
2.000000	-7592.071484	1.000000
2.200000	-7592.071484	1.000000
2.400000	-7592.071484	1.000000
2.600000	-7592.071484	1.000000
2.800000	-7592.071484	1.000000
3.000000	-7592.071484	1.000000
3.200000	-7592.071484	1.000000
3.400000	-7592.071484	1.000000
3.600000	-7576.777366	0.998002
3.800000	-7576.777366	0.998002
4.000000	-7576.777366	0.998002
4.200000	-7561.483248	0.996004
4.400000	-7561.483248	0.996004
4.600000	-7530.925168	0.992020
4.800000	-7530.939606	0.992020
5.000000	-7469.787896	0.984068
5.200000	-7500.351308	0.988040
5.400000	-7546.193613	0.994010
5.600000	-7546.192654	0.994010
5.800000	-7530.953429	0.992032
6.000000	-7245.232175	0.954538
6.200000	-7337.664228	0.966290
6.400000	-7287.725111	0.960416
6.600000	-7266.762789	0.956488
6.800000	-7272.447379	0.956628
7.000000	-6978.035934	0.917864
7.200000	-7106.911805	0.935138
7.400000	-6823.622824	0.897170
7.600000	-6935.757079	0.912250
7.800000	-6787.478699	0.891140
8.000000	-6917.498574	0.910216
8.200000	-6692.379859	0.879988
8.400000	-6523.949077	0.855626
8.600000	-6526.954738	0.857492
8.800000	-6184.420170	0.812762
9.000000	-6347.379336	0.833858
9.200000	-5990.458524	0.787058
9.400000	-5957.905538	0.779738
9.600000	-5799.879320	0.761168
9.800000	-6339.619069	0.831888

