0.000000	-642.899041	1.000000
0.100000	-642.899041	1.000000
0.200000	-642.899041	1.000000
0.300000	-642.899041	1.000000
0.400000	-642.899041	1.000000
0.500000	-642.899041	1.000000
0.600000	-642.899041	1.000000
0.700000	-642.899041	1.000000
0.800000	-642.899041	1.000000
0.900000	-642.899041	1.000000
1.000000	-642.899041	1.000000
1.100000	-642.899041	1.000000
1.200000	-642.899041	1.000000
1.300000	-642.899041	1.000000
1.400000	-642.899041	1.000000
1.500000	-642.899041	1.000000
1.600000	-642.899041	1.000000
1.700000	-642.899041	1.000000
1.800000	-642.899041	1.000000
1.900000	-642.899041	1.000000
2.000000	-642.899041	1.000000
2.100000	-640.608033	0.990004
2.200000	-642.899041	1.000000
2.300000	-642.899041	1.000000
2.400000	-640.607504	0.990000
2.500000	-642.899041	1.000000
2.600000	-642.641201	0.999604
2.700000	-640.375716	0.989800
2.800000	-642.899041	1.000000
2.900000	-642.641201	0.999604
3.000000	-642.125522	0.998812
3.100000	-642.899041	1.000000
3.200000	-641.867682	0.998416
3.300000	-641.609842	0.998020
3.400000	-641.352003	0.997624
3.500000	-641.867682	0.998416
3.600000	-640.578484	0.996436
3.700000	-640.066899	0.995652
3.800000	-641.609842	0.998020
3.900000	-636.399230	0.984464
4.000000	-638.550652	0.993284
4.100000	-636.136482	0.983708
4.200000	-635.779059	0.988984
4.300000	-636.458200	0.989760
4.400000	-636.719799	0.990536
4.500000	-636.537503	0.990132
4.600000	-631.999161	0.983068
4.700000	-631.582678	0.982648
4.800000	-627.751133	0.976748
4.900000	-627.111122	0.975600
5.000000	-627.920626	0.976788
5.100000	-623.727932	0.970516
5.200000	-621.848822	0.967752
5.300000	-617.471932	0.960324
5.400000	-616.453015	0.958876
5.500000	-620.997767	0.966272
5.600000	-612.442761	0.953024
5.700000	-613.198555	0.953168
5.800000	-608.483249	0.945932
5.900000	-611.858143	0.951592
6.000000	-601.132178	0.933764
6.100000	-601.484703	0.935032
6.200000	-594.058839	0.923652
6.300000	-595.551054	0.925568
6.400000	-582.576924	0.905516
6.500000	-577.470007	0.897364
6.600000	-578.756729	0.899460
6.700000	-573.344665	0.891436
6.800000	-564.564101	0.876856
6.900000	-561.611183	0.870740
7.000000	-561.431163	0.871576
7.100000	-550.045164	0.855588
7.200000	-542.314437	0.839448
7.300000	-542.080323	0.840948
7.400000	-539.136084	0.835904
7.500000	-532.209902	0.823220
7.600000	-517.158841	0.799724
7.700000	-518.537182	0.802688
7.800000	-516.035790	0.799424
7.900000	-501.242312	0.774620
8.000000	-509.469910	0.786748
8.100000	-497.432752	0.766276
8.200000	-477.190748	0.735352
8.300000	-468.860014	0.721028
8.400000	-471.945298	0.721240
8.500000	-463.502291	0.711792
8.600000	-441.710480	0.675088
8.700000	-458.064989	0.701772
8.800000	-439.731216	0.670912
8.900000	-420.106597	0.638564
9.000000	-409.189709	0.622160
9.100000	-385.699160	0.570680
9.200000	-396.677626	0.598780
9.300000	-373.563889	0.561640
9.400000	-374.202351	0.555880
9.500000	-351.458533	0.521440
9.600000	-347.672383	0.510524
9.700000	-325.014529	0.477632
9.800000	-317.284560	0.460148
9.900000	-282.831129	0.399996
10.000000	-312.911667	0.451748
10.100000	-290.776559	0.418732
10.200000	-246.615191	0.337704
10.300000	-237.904498	0.320940
10.400000	-244.166478	0.333776
10.500000	-248.590507	0.334752
10.600000	-232.414523	0.314628
10.700000	-196.204550	0.257832
10.800000	-205.225064	0.262820
10.900000	-186.179330	0.231904
11.000000	-178.281406	0.220748
11.100000	-179.265684	0.220440
11.200000	-169.872773	0.203132
11.300000	-161.924771	0.197928
11.400000	-144.672411	0.157600
11.500000	-140.919861	0.158504
11.600000	-131.741698	0.146052
11.700000	-134.604612	0.147484
11.800000	-121.494240	0.122640
11.900000	-113.331112	0.113796
12.000000	-125.116250	0.135928
12.100000	-115.416683	0.111168
12.200000	-121.721856	0.129420
12.300000	-111.618939	0.116188
12.400000	-109.272741	0.110152
12.500000	-101.333805	0.092448
12.600000	-93.721392	0.083232
12.700000	-97.957925	0.090052
12.800000	-86.368226	0.069560
12.900000	-95.958488	0.092860
13.000000	-86.078642	0.076548
13.100000	-81.132238	0.072804
13.200000	-83.966611	0.075796
13.300000	-79.014085	0.059776
13.400000	-80.924950	0.070556
13.500000	-75.662593	0.058432
13.600000	-77.005140	0.068852
13.700000	-75.979947	0.064244
13.800000	-83.439487	0.070400
13.900000	-70.623247	0.058636
14.000000	-66.372046	0.041868
14.100000	-70.651040	0.056648
14.200000	-66.426027	0.058296
14.300000	-69.405347	0.056260
14.400000	-54.513188	0.031100
14.500000	-74.944956	0.057860
14.600000	-67.281454	0.053776
14.700000	-61.048612	0.044824
14.800000	-65.507676	0.050332
14.900000	-67.528030	0.056192
15.000000	-55.364792	0.032488
15.100000	-50.951228	0.034164
15.200000	-55.045472	0.043444
15.300000	-59.827308	0.041904
15.400000	-52.470474	0.030640
15.500000	-60.880323	0.049652
15.600000	-52.136383	0.040120
15.700000	-63.707438	0.043260
15.800000	-59.885188	0.045848
15.900000	-53.893522	0.041592
16.000000	-51.171331	0.036672
16.100000	-51.870024	0.039264
16.200000	-50.579036	0.037576
16.300000	-50.950188	0.042904
16.400000	-48.662075	0.031244
16.500000	-49.834872	0.039760
16.600000	-56.546523	0.042508
16.700000	-53.472767	0.040576
16.800000	-50.561589	0.039356
16.900000	-49.488996	0.032636
17.000000	-47.328021	0.037224
17.100000	-51.935996	0.038436
17.200000	-49.193353	0.033124
17.300000	-49.851258	0.038184
17.400000	-47.545008	0.030176
17.500000	-40.498839	0.022796
17.600000	-44.752411	0.032224
17.700000	-44.640551	0.032372
17.800000	-43.657142	0.031592
17.900000	-42.442083	0.027108
18.000000	-41.600000	0.033884
18.100000	-44.775369	0.030180
18.200000	-43.427160	0.029428
18.300000	-40.182861	0.030752
18.400000	-45.372365	0.032448
18.500000	-41.773643	0.023704
18.600000	-40.131121	0.027668
18.700000	-33.832546	0.022928
18.800000	-38.688076	0.028364
18.900000	-48.146003	0.035444
19.000000	-41.941201	0.026624
19.100000	-37.994053	0.026228
19.200000	-32.709527	0.029340
19.300000	-39.165673	0.025912
19.400000	-42.167721	0.030600
19.500000	-35.734126	0.027600
19.600000	-38.086373	0.026056
19.700000	-37.598887	0.029824
19.800000	-37.092600	0.025804
19.900000	-38.961299	0.030380
20.000000	-36.741735	0.029740
20.100000	-31.148444	0.023580
20.200000	-36.843291	0.028224
20.300000	-36.808082	0.027968
20.400000	-33.039048	0.023624
20.500000	-29.169824	0.018152
20.600000	-30.016581	0.017252
20.700000	-37.943248	0.027780
20.800000	-35.705656	0.025340
20.900000	-35.992339	0.028720
21.000000	-35.915854	0.026452
21.100000	-33.110189	0.019976
21.200000	-34.150045	0.021564
21.300000	-28.803692	0.018224
21.400000	-31.563400	0.020104
21.500000	-31.251444	0.019816
21.600000	-35.798081	0.025288
21.700000	-24.862906	0.018092
21.800000	-29.417340	0.021572
21.900000	-32.000545	0.024212
22.000000	-27.517153	0.025676
22.100000	-37.593585	0.030836
22.200000	-27.576541	0.021372
22.300000	-27.372760	0.022556
22.400000	-30.007450	0.023324
22.500000	-26.391194	0.018160
22.600000	-35.273181	0.026372
22.700000	-29.925358	0.026672
22.800000	-26.970630	0.019996
22.900000	-32.709531	0.025516
23.000000	-32.729327	0.024656
23.100000	-31.199648	0.023916
23.200000	-26.470869	0.020316
23.300000	-28.197076	0.017504
23.400000	-28.327011	0.024268
23.500000	-26.189096	0.018660
23.600000	-25.526759	0.020748
23.700000	-26.044972	0.017584
23.800000	-27.720555	0.019812
23.900000	-28.389829	0.019548
24.000000	-29.268013	0.019412
24.100000	-33.413030	0.026488
24.200000	-24.204355	0.021176
24.300000	-22.128943	0.016140
24.400000	-24.719469	0.018308
24.500000	-29.266361	0.026260
24.600000	-25.885745	0.015864
24.700000	-24.049023	0.019544
24.800000	-26.484940	0.020040
24.900000	-24.907330	0.021276
Total time taken per sweep:0.007713
