  -1.98000002       0.00000000    
  -1.96000004       1.00000000    
  -1.94000006       2.00000000    
  -1.91999996       2.00000000    
  -1.89999998       4.00000000    
  -1.88000000       7.00000000    
  -1.86000001       21.0000000    
  -1.84000003       22.0000000    
  -1.82000005       37.0000000    
  -1.79999995       47.0000000    
  -1.77999997       55.0000000    
  -1.75999999       87.0000000    
  -1.74000001       106.000000    
  -1.72000003       132.000000    
  -1.70000005       167.000000    
  -1.68000007       228.000000    
  -1.65999997       262.000000    
  -1.63999999       282.000000    
  -1.62000000       358.000000    
  -1.60000002       413.000000    
  -1.58000004       449.000000    
  -1.55999994       528.000000    
  -1.53999996       619.000000    
  -1.51999998       751.000000    
  -1.50000000       779.000000    
  -1.48000002       911.000000    
  -1.46000004       1024.00000    
  -1.44000006       1093.00000    
  -1.42000008       1244.00000    
  -1.40000010       1360.00000    
  -1.38000000       1576.00000    
  -1.36000001       1686.00000    
  -1.34000003       1806.00000    
  -1.31999993       1971.00000    
  -1.29999995       2118.00000    
  -1.27999997       2366.00000    
  -1.25999999       2578.00000    
  -1.24000001       2789.00000    
  -1.22000003       3110.00000    
  -1.20000005       3384.00000    
  -1.18000007       3500.00000    
  -1.16000009       3804.00000    
  -1.14000010       4036.00000    
  -1.12000000       4338.00000    
  -1.10000002       4749.00000    
  -1.08000004       5070.00000    
  -1.05999994       5312.00000    
  -1.03999996       5672.00000    
  -1.01999998       6170.00000    
  -1.00000000       6570.00000    
 -0.980000019       6794.00000    
 -0.960000038       7245.00000    
 -0.940000057       7747.00000    
 -0.920000076       8152.00000    
 -0.899999976       8571.00000    
 -0.879999995       8989.00000    
 -0.860000014       9459.00000    
 -0.840000033       10089.0000    
 -0.820000052       10690.0000    
 -0.800000072       11049.0000    
 -0.779999971       11513.0000    
 -0.759999990       12145.0000    
 -0.740000010       12584.0000    
 -0.720000029       13379.0000    
 -0.700000048       13691.0000    
 -0.680000067       14221.0000    
 -0.660000086       14924.0000    
 -0.639999986       15278.0000    
 -0.620000005       16134.0000    
 -0.600000024       16351.0000    
 -0.580000043       16836.0000    
 -0.560000062       17306.0000    
 -0.540000081       17897.0000    
 -0.519999981       18652.0000    
 -0.500000000       18842.0000    
 -0.480000019       19256.0000    
 -0.460000038       19745.0000    
 -0.440000057       20374.0000    
 -0.420000076       21127.0000    
 -0.400000095       21332.0000    
 -0.379999995       21901.0000    
 -0.360000014       22335.0000    
 -0.340000033       22672.0000    
 -0.320000052       22845.0000    
 -0.300000072       23051.0000    
 -0.280000091       23874.0000    
 -0.259999990       24066.0000    
 -0.240000010       24528.0000    
 -0.220000029       24554.0000    
 -0.200000048       25218.0000    
 -0.180000067       25243.0000    
 -0.160000086       25673.0000    
 -0.139999986       25586.0000    
 -0.120000005       25726.0000    
 -0.100000024       25997.0000    
  -8.00000429E-02   26238.0000    
  -6.00000620E-02   26345.0000    
  -4.00000811E-02   26632.0000    
  -2.00001001E-02   26652.0000    
   0.00000000       26904.0000    
   1.99999809E-02   26602.0000    
   3.99999619E-02   26825.0000    
   5.99999428E-02   26675.0000    
   7.99999237E-02   26791.0000    
   9.99999046E-02   26464.0000    
  0.119999886       26133.0000    
  0.139999866       26264.0000    
  0.159999847       25958.0000    
  0.180000067       25458.0000    
  0.200000048       25343.0000    
  0.220000029       25116.0000    
  0.240000010       24894.0000    
  0.259999990       24307.0000    
  0.279999971       24049.0000    
  0.299999952       23753.0000    
  0.319999933       23404.0000    
  0.339999914       23143.0000    
  0.359999895       22623.0000    
  0.379999876       22130.0000    
  0.399999857       21591.0000    
  0.419999838       21145.0000    
  0.440000057       20632.0000    
  0.460000038       20502.0000    
  0.480000019       19962.0000    
  0.500000000       19402.0000    
  0.519999981       18619.0000    
  0.539999962       18584.0000    
  0.559999943       17673.0000    
  0.579999924       17250.0000    
  0.599999905       16842.0000    
  0.619999886       16315.0000    
  0.639999866       15606.0000    
  0.659999847       15266.0000    
  0.679999828       14717.0000    
  0.700000048       14244.0000    
  0.720000029       13720.0000    
  0.740000010       13238.0000    
  0.759999990       12559.0000    
  0.779999971       12145.0000    
  0.799999952       11630.0000    
  0.819999933       11012.0000    
  0.839999914       10308.0000    
  0.859999895       9984.00000    
  0.879999876       9644.00000    
  0.899999857       9131.00000    
  0.919999838       8680.00000    
  0.939999819       8170.00000    
  0.960000038       7740.00000    
  0.980000019       7460.00000    
   1.00000000       6903.00000    
   1.01999998       6447.00000    
   1.03999996       6138.00000    
   1.05999994       5752.00000    
   1.07999992       5234.00000    
   1.09999990       4987.00000    
   1.11999989       4701.00000    
   1.13999987       4384.00000    
   1.15999985       4107.00000    
   1.17999983       3856.00000    
   1.19999981       3599.00000    
   1.22000003       3327.00000    
   1.24000001       3041.00000    
   1.25999999       2838.00000    
   1.27999997       2649.00000    
   1.29999995       2387.00000    
   1.31999993       2237.00000    
   1.33999991       2019.00000    
   1.35999990       1779.00000    
   1.37999988       1630.00000    
   1.39999986       1491.00000    
   1.41999984       1367.00000    
   1.43999982       1227.00000    
   1.46000004       1114.00000    
   1.48000002       1029.00000    
   1.50000000       882.000000    
   1.51999998       753.000000    
   1.53999996       656.000000    
   1.55999994       629.000000    
   1.57999992       539.000000    
   1.59999990       458.000000    
   1.61999989       415.000000    
   1.63999987       321.000000    
   1.65999985       265.000000    
   1.67999983       229.000000    
   1.69999981       228.000000    
   1.72000003       167.000000    
   1.74000001       133.000000    
   1.75999999       108.000000    
   1.77999997       84.0000000    
   1.79999995       67.0000000    
   1.81999993       43.0000000    
   1.83999991       24.0000000    
   1.85999990       14.0000000    
   1.87999988       13.0000000    
   1.89999986       11.0000000    
   1.91999984       6.00000000    
   1.93999982       1.00000000    
   1.95999980       0.00000000    
   1.98000002       0.00000000    
   2.00000000       0.00000000    
