  -1.98000002       349.000000    
  -1.96000004       392.000000    
  -1.94000006       452.000000    
  -1.91999996       473.000000    
  -1.89999998       544.000000    
  -1.88000000       544.000000    
  -1.86000001       603.000000    
  -1.84000003       695.000000    
  -1.82000005       703.000000    
  -1.79999995       810.000000    
  -1.77999997       857.000000    
  -1.75999999       978.000000    
  -1.74000001       993.000000    
  -1.72000003       1028.00000    
  -1.70000005       1182.00000    
  -1.68000007       1309.00000    
  -1.65999997       1437.00000    
  -1.63999999       1462.00000    
  -1.62000000       1679.00000    
  -1.60000002       1657.00000    
  -1.58000004       1892.00000    
  -1.55999994       1998.00000    
  -1.53999996       2125.00000    
  -1.51999998       2178.00000    
  -1.50000000       2319.00000    
  -1.48000002       2549.00000    
  -1.46000004       2683.00000    
  -1.44000006       2950.00000    
  -1.42000008       3021.00000    
  -1.40000010       3246.00000    
  -1.38000000       3395.00000    
  -1.36000001       3675.00000    
  -1.34000003       3766.00000    
  -1.31999993       3983.00000    
  -1.29999995       4213.00000    
  -1.27999997       4548.00000    
  -1.25999999       4682.00000    
  -1.24000001       5054.00000    
  -1.22000003       5400.00000    
  -1.20000005       5458.00000    
  -1.18000007       5706.00000    
  -1.16000009       6051.00000    
  -1.14000010       6426.00000    
  -1.12000000       6552.00000    
  -1.10000002       7010.00000    
  -1.08000004       7171.00000    
  -1.05999994       7448.00000    
  -1.03999996       7895.00000    
  -1.01999998       8217.00000    
  -1.00000000       8413.00000    
 -0.980000019       8768.00000    
 -0.960000038       9105.00000    
 -0.940000057       9622.00000    
 -0.920000076       9855.00000    
 -0.899999976       10164.0000    
 -0.879999995       10621.0000    
 -0.860000014       10858.0000    
 -0.840000033       11101.0000    
 -0.820000052       11762.0000    
 -0.800000072       11906.0000    
 -0.779999971       12480.0000    
 -0.759999990       12681.0000    
 -0.740000010       13116.0000    
 -0.720000029       13548.0000    
 -0.700000048       13865.0000    
 -0.680000067       14252.0000    
 -0.660000086       14738.0000    
 -0.639999986       14711.0000    
 -0.620000005       15276.0000    
 -0.600000024       15933.0000    
 -0.580000043       16152.0000    
 -0.560000062       16419.0000    
 -0.540000081       16723.0000    
 -0.519999981       17103.0000    
 -0.500000000       17305.0000    
 -0.480000019       17570.0000    
 -0.460000038       18154.0000    
 -0.440000057       18401.0000    
 -0.420000076       18443.0000    
 -0.400000095       18797.0000    
 -0.379999995       19106.0000    
 -0.360000014       19684.0000    
 -0.340000033       19916.0000    
 -0.320000052       19927.0000    
 -0.300000072       20386.0000    
 -0.280000091       20418.0000    
 -0.259999990       20530.0000    
 -0.240000010       21013.0000    
 -0.220000029       21029.0000    
 -0.200000048       20863.0000    
 -0.180000067       21171.0000    
 -0.160000086       21638.0000    
 -0.139999986       21757.0000    
 -0.120000005       21477.0000    
 -0.100000024       21692.0000    
  -8.00000429E-02   21893.0000    
  -6.00000620E-02   21919.0000    
  -4.00000811E-02   21952.0000    
  -2.00001001E-02   21946.0000    
   0.00000000       21838.0000    
   1.99999809E-02   21826.0000    
   3.99999619E-02   22001.0000    
   5.99999428E-02   21826.0000    
   7.99999237E-02   21944.0000    
   9.99999046E-02   22002.0000    
  0.119999886       21679.0000    
  0.139999866       21836.0000    
  0.159999847       21693.0000    
  0.180000067       21494.0000    
  0.200000048       21310.0000    
  0.220000029       21143.0000    
  0.240000010       20926.0000    
  0.259999990       20746.0000    
  0.279999971       20853.0000    
  0.299999952       20283.0000    
  0.319999933       20095.0000    
  0.339999914       20044.0000    
  0.359999895       19381.0000    
  0.379999876       19425.0000    
  0.399999857       18913.0000    
  0.419999838       18987.0000    
  0.440000057       18706.0000    
  0.460000038       18440.0000    
  0.480000019       17933.0000    
  0.500000000       17665.0000    
  0.519999981       17401.0000    
  0.539999962       16910.0000    
  0.559999943       16631.0000    
  0.579999924       16208.0000    
  0.599999905       16161.0000    
  0.619999886       15500.0000    
  0.639999866       15201.0000    
  0.659999847       15148.0000    
  0.679999828       14628.0000    
  0.700000048       13990.0000    
  0.720000029       13885.0000    
  0.740000010       13467.0000    
  0.759999990       13038.0000    
  0.779999971       12583.0000    
  0.799999952       12312.0000    
  0.819999933       11857.0000    
  0.839999914       11856.0000    
  0.859999895       11221.0000    
  0.879999876       10862.0000    
  0.899999857       10764.0000    
  0.919999838       10117.0000    
  0.939999819       9828.00000    
  0.960000038       9559.00000    
  0.980000019       9259.00000    
   1.00000000       8898.00000    
   1.01999998       8386.00000    
   1.03999996       8221.00000    
   1.05999994       7867.00000    
   1.07999992       7690.00000    
   1.09999990       7101.00000    
   1.11999989       6946.00000    
   1.13999987       6590.00000    
   1.15999985       6419.00000    
   1.17999983       6157.00000    
   1.19999981       5707.00000    
   1.22000003       5575.00000    
   1.24000001       5327.00000    
   1.25999999       5043.00000    
   1.27999997       4720.00000    
   1.29999995       4386.00000    
   1.31999993       4390.00000    
   1.33999991       4100.00000    
   1.35999990       3975.00000    
   1.37999988       3596.00000    
   1.39999986       3417.00000    
   1.41999984       3164.00000    
   1.43999982       2987.00000    
   1.46000004       2843.00000    
   1.48000002       2600.00000    
   1.50000000       2427.00000    
   1.51999998       2337.00000    
   1.53999996       2247.00000    
   1.55999994       2124.00000    
   1.57999992       1980.00000    
   1.59999990       1843.00000    
   1.61999989       1755.00000    
   1.63999987       1538.00000    
   1.65999985       1480.00000    
   1.67999983       1375.00000    
   1.69999981       1304.00000    
   1.72000003       1199.00000    
   1.74000001       1043.00000    
   1.75999999       1052.00000    
   1.77999997       973.000000    
   1.79999995       860.000000    
   1.81999993       809.000000    
   1.83999991       758.000000    
   1.85999990       692.000000    
   1.87999988       602.000000    
   1.89999986       537.000000    
   1.91999984       502.000000    
   1.93999982       460.000000    
   1.95999980       408.000000    
   1.98000002       383.000000    
   2.00000000       354.000000    
