  -1.98000002       27.0000000       5.61831407E-02   3.50000001E-02   6.75000027E-02   5.99999987E-02   5.49999997E-02
  -1.96000004       21.0000000       5.84409423E-02   6.25000000E-02   5.24999984E-02   6.49999976E-02   3.50000001E-02
  -1.94000006       20.0000000       6.07651658E-02   7.00000003E-02   5.00000007E-02   6.25000000E-02   4.50000018E-02
  -1.91999996       26.0000000       6.31565675E-02   5.75000010E-02   6.49999976E-02   5.24999984E-02   8.50000009E-02
  -1.89999998       21.0000000       6.56158254E-02   5.49999997E-02   5.24999984E-02   8.25000033E-02   3.50000001E-02
  -1.88000000       29.0000000       6.81435689E-02   6.75000027E-02   7.24999979E-02   7.75000006E-02   6.49999976E-02
  -1.86000001       31.0000000       7.07403943E-02   6.25000000E-02   7.75000006E-02   5.75000010E-02   8.25000033E-02
  -1.84000003       35.0000000       7.34068081E-02  0.100000001       8.74999985E-02   8.25000033E-02   5.99999987E-02
  -1.82000005       29.0000000       7.61432722E-02   9.00000036E-02   7.24999979E-02  0.115000002       9.49999988E-02
  -1.79999995       24.0000000       7.89501667E-02   8.50000009E-02   5.99999987E-02  0.109999999       8.74999985E-02
  -1.77999997       36.0000000       8.18277821E-02   8.25000033E-02   9.00000036E-02   9.74999964E-02  0.102499999    
  -1.75999999       24.0000000       8.47763643E-02   8.25000033E-02   5.99999987E-02   7.99999982E-02   9.74999964E-02
  -1.74000001       43.0000000       8.77960697E-02   5.99999987E-02  0.107500002      0.112499997      0.102499999    
  -1.72000003       37.0000000       9.08869803E-02   8.74999985E-02   9.25000012E-02   7.50000030E-02  0.112499997    
  -1.70000005       30.0000000       9.40490812E-02   9.25000012E-02   7.50000030E-02  0.115000002       9.74999964E-02
  -1.68000007       47.0000000       9.72822532E-02  0.117500000      0.117500000       9.49999988E-02  0.112499997    
  -1.65999997       37.0000000      0.100586370       9.49999988E-02   9.25000012E-02  0.117500000       7.99999982E-02
  -1.63999999       44.0000000      0.103961103      0.107500002      0.109999999      0.109999999       7.99999982E-02
  -1.62000000       47.0000000      0.107406080      0.107500002      0.117500000      0.102499999      0.137500003    
  -1.60000002       45.0000000      0.110920832      0.115000002      0.112499997      0.112499997      0.125000000    
  -1.58000004       42.0000000      0.114504799      0.104999997      0.104999997      0.127499998      0.109999999    
  -1.55999994       48.0000000      0.118157320      0.142499998      0.119999997      0.125000000      0.104999997    
  -1.53999996       53.0000000      0.121877551      0.125000000      0.132499993      0.112499997      0.140000001    
  -1.51999998       54.0000000      0.125664651      0.135000005      0.135000005      0.127499998      0.117500000    
  -1.50000000       62.0000000      0.129517600      0.197500005      0.155000001      0.129999995      0.152500004    
  -1.48000002       61.0000000      0.133435294      0.147499993      0.152500004       9.74999964E-02  0.144999996    
  -1.46000004       64.0000000      0.137416542      0.147499993      0.159999996      0.125000000      0.144999996    
  -1.44000006       59.0000000      0.141459957      0.135000005      0.147499993      0.162499994      0.127499998    
  -1.42000008       61.0000000      0.145564124      0.147499993      0.152500004      0.155000001      0.162499994    
  -1.40000010       62.0000000      0.149727449      0.202500001      0.155000001      0.135000005      0.132499993    
  -1.38000000       73.0000000      0.153948292      0.204999998      0.182500005      0.177499995      0.187500000    
  -1.36000001       68.0000000      0.158224791      0.147499993      0.170000002      0.147499993      0.204999998    
  -1.34000003       71.0000000      0.162555054      0.182500005      0.177499995      0.185000002      0.189999998    
  -1.31999993       69.0000000      0.166937053      0.182500005      0.172499999      0.170000002      0.202500001    
  -1.29999995       67.0000000      0.171368614      0.185000002      0.167500004      0.204999998      0.180000007    
  -1.27999997       65.0000000      0.175847441      0.194999993      0.162499994      0.157499999      0.174999997    
  -1.25999999       75.0000000      0.180371165      0.182500005      0.187500000      0.189999998      0.170000002    
  -1.24000001       80.0000000      0.184937283      0.155000001      0.200000003      0.170000002      0.172499999    
  -1.22000003       73.0000000      0.189543158      0.185000002      0.182500005      0.192499995      0.155000001    
  -1.20000005       83.0000000      0.194186062      0.185000002      0.207499996      0.194999993      0.147499993    
  -1.18000007       96.0000000      0.198863104      0.207499996      0.239999995      0.237499997      0.204999998    
  -1.16000009       94.0000000      0.203571379      0.224999994      0.234999999      0.219999999      0.212500006    
  -1.14000010       72.0000000      0.208307788      0.227500007      0.180000007      0.209999993      0.197500005    
  -1.12000000       71.0000000      0.213069156      0.185000002      0.177499995      0.204999998      0.234999999    
  -1.10000002       93.0000000      0.217852175      0.282499999      0.232500002      0.270000011      0.209999993    
  -1.08000004       95.0000000      0.222653493      0.222499996      0.237499997      0.215000004      0.230000004    
  -1.05999994       93.0000000      0.227469653      0.194999993      0.232500002      0.219999999      0.180000007    
  -1.03999996       95.0000000      0.232297018      0.232500002      0.237499997      0.209999993      0.212500006    
  -1.01999998       107.000000      0.237131953      0.254999995      0.267500013      0.207499996      0.234999999    
  -1.00000000       98.0000000      0.241970733      0.247500002      0.245000005      0.245000005      0.237499997    
 -0.980000019       90.0000000      0.246809483      0.257499993      0.224999994      0.230000004      0.287499994    
 -0.960000038       92.0000000      0.251644343      0.257499993      0.230000004      0.217500001      0.237499997    
 -0.940000057       91.0000000      0.256471306      0.242500007      0.227500007      0.300000012      0.272500008    
 -0.920000076       107.000000      0.261286288      0.284999996      0.267500013      0.224999994      0.224999994    
 -0.899999976       96.0000000      0.266085267      0.302500010      0.239999995      0.305000007      0.242500007    
 -0.879999995       112.000000      0.270863980      0.237499997      0.280000001      0.247500002      0.259999990    
 -0.860000014       91.0000000      0.275618255      0.340000004      0.227500007      0.270000011      0.305000007    
 -0.840000033       107.000000      0.280343831      0.224999994      0.267500013      0.302500010      0.217500001    
 -0.820000052       124.000000      0.285036355      0.250000000      0.310000002      0.314999998      0.294999987    
 -0.800000072       96.0000000      0.289691567      0.324999988      0.239999995      0.280000001      0.262499988    
 -0.779999971       118.000000      0.294305056      0.312500000      0.294999987      0.275000006      0.322499990    
 -0.759999990       115.000000      0.298872411      0.335000008      0.287499994      0.277500004      0.294999987    
 -0.740000010       114.000000      0.303389281      0.314999998      0.284999996      0.272500008      0.310000002    
 -0.720000029       128.000000      0.307851255      0.344999999      0.319999993      0.372500002      0.289999992    
 -0.700000048       123.000000      0.312253952      0.330000013      0.307500005      0.247500002      0.332500011    
 -0.680000067       112.000000      0.316592902      0.312500000      0.280000001      0.347499996      0.319999993    
 -0.660000086       116.000000      0.320863783      0.302500010      0.289999992      0.324999988      0.287499994    
 -0.639999986       117.000000      0.325062275      0.322499990      0.292499989      0.275000006      0.297500014    
 -0.620000005       150.000000      0.329183966      0.319999993      0.375000000      0.272500008      0.314999998    
 -0.600000024       119.000000      0.333224624      0.377499998      0.297500014      0.375000000      0.322499990    
 -0.580000043       136.000000      0.337179929      0.347499996      0.340000004      0.280000001      0.332500011    
 -0.560000062       132.000000      0.341045767      0.344999999      0.330000013      0.294999987      0.332500011    
 -0.540000081       142.000000      0.344817996      0.337500006      0.354999989      0.297500014      0.322499990    
 -0.519999981       153.000000      0.348492533      0.360000014      0.382499993      0.367500007      0.357499987    
 -0.500000000       151.000000      0.352065325      0.375000000      0.377499998      0.340000004      0.384999990    
 -0.480000019       126.000000      0.355532557      0.379999995      0.314999998      0.314999998      0.372500002    
 -0.460000038       140.000000      0.358890295      0.379999995      0.349999994      0.347499996      0.330000013    
 -0.440000057       134.000000      0.362134874      0.414999992      0.335000008      0.302500010      0.384999990    
 -0.420000076       135.000000      0.365262657      0.317499995      0.337500006      0.307500005      0.360000014    
 -0.400000095       134.000000      0.368270129      0.322499990      0.335000008      0.400000006      0.324999988    
 -0.379999995       141.000000      0.371153891      0.324999988      0.352499992      0.365000010      0.397500008    
 -0.360000014       158.000000      0.373910606      0.357499987      0.395000011      0.387499988      0.344999999    
 -0.340000033       167.000000      0.376537174      0.319999993      0.417499989      0.344999999      0.349999994    
 -0.320000052       138.000000      0.379030526      0.357499987      0.344999999      0.362500012      0.389999986    
 -0.300000072       167.000000      0.381387830      0.367500007      0.417499989      0.449999988      0.354999989    
 -0.280000091       178.000000      0.383606285      0.377499998      0.444999993      0.430000007      0.379999995    
 -0.259999990       151.000000      0.385683388      0.357499987      0.377499998      0.384999990      0.354999989    
 -0.240000010       152.000000      0.387616634      0.352499992      0.379999995      0.370000005      0.365000010    
 -0.220000029       158.000000      0.389403790      0.370000005      0.395000011      0.417499989      0.384999990    
 -0.200000048       143.000000      0.391042709      0.365000010      0.357499987      0.422500014      0.384999990    
 -0.180000067       148.000000      0.392531514      0.342500001      0.370000005      0.425000012      0.379999995    
 -0.160000086       143.000000      0.393868357      0.407499999      0.357499987      0.352499992      0.367500007    
 -0.139999986       153.000000      0.395051748      0.397500008      0.382499993      0.402500004      0.365000010    
 -0.120000005       143.000000      0.396080226      0.335000008      0.357499987      0.382499993      0.387499988    
 -0.100000024       190.000000      0.396952540      0.387499988      0.474999994      0.357499987      0.384999990    
  -8.00000429E-02   175.000000      0.397667736      0.352499992      0.437500000      0.412499994      0.425000012    
  -6.00000620E-02   181.000000      0.398224831      0.414999992      0.452499986      0.379999995      0.417499989    
  -4.00000811E-02   155.000000      0.398623288      0.347499996      0.387499988      0.322499990      0.427500010    
  -2.00001001E-02   159.000000      0.398862511      0.387499988      0.397500008      0.402500004      0.384999990    
   0.00000000       158.000000      0.398942292      0.354999989      0.395000011      0.395000011      0.354999989    
   1.99999809E-02   155.000000      0.398862511      0.409999996      0.387499988      0.395000011      0.379999995    
   3.99999619E-02   136.000000      0.398623288      0.375000000      0.340000004      0.382499993      0.407499999    
   5.99999428E-02   160.000000      0.398224831      0.395000011      0.400000006      0.357499987      0.422500014    
   7.99999237E-02   139.000000      0.397667736      0.370000005      0.347499996      0.382499993      0.400000006    
   9.99999046E-02   161.000000      0.396952540      0.362500012      0.402500004      0.419999987      0.425000012    
  0.119999886       138.000000      0.396080226      0.425000012      0.344999999      0.330000013      0.402500004    
  0.139999866       165.000000      0.395051777      0.340000004      0.412499994      0.379999995      0.425000012    
  0.159999847       147.000000      0.393868387      0.455000013      0.367500007      0.427500010      0.312500000    
  0.180000067       158.000000      0.392531514      0.365000010      0.395000011      0.377499998      0.412499994    
  0.200000048       159.000000      0.391042709      0.360000014      0.397500008      0.332500011      0.357499987    
  0.220000029       157.000000      0.389403790      0.332500011      0.392500013      0.337500006      0.397500008    
  0.240000010       136.000000      0.387616634      0.422500014      0.340000004      0.330000013      0.387499988    
  0.259999990       147.000000      0.385683388      0.367500007      0.367500007      0.362500012      0.382499993    
  0.279999971       149.000000      0.383606315      0.384999990      0.372500002      0.365000010      0.387499988    
  0.299999952       157.000000      0.381387830      0.340000004      0.392500013      0.422500014      0.409999996    
  0.319999933       150.000000      0.379030555      0.307500005      0.375000000      0.384999990      0.382499993    
  0.339999914       154.000000      0.376537174      0.367500007      0.384999990      0.402500004      0.427500010    
  0.359999895       139.000000      0.373910606      0.389999986      0.347499996      0.360000014      0.357499987    
  0.379999876       141.000000      0.371153891      0.400000006      0.352499992      0.397500008      0.379999995    
  0.399999857       152.000000      0.368270159      0.387499988      0.379999995      0.362500012      0.384999990    
  0.419999838       135.000000      0.365262717      0.389999986      0.337500006      0.375000000      0.427500010    
  0.440000057       124.000000      0.362134874      0.377499998      0.310000002      0.335000008      0.392500013    
  0.460000038       147.000000      0.358890295      0.324999988      0.367500007      0.342500001      0.344999999    
  0.480000019       148.000000      0.355532557      0.362500012      0.370000005      0.302500010      0.360000014    
  0.500000000       136.000000      0.352065325      0.335000008      0.340000004      0.332500011      0.395000011    
  0.519999981       148.000000      0.348492533      0.307500005      0.370000005      0.297500014      0.327499986    
  0.539999962       126.000000      0.344818026      0.294999987      0.314999998      0.324999988      0.367500007    
  0.559999943       115.000000      0.341045797      0.360000014      0.287499994      0.372500002      0.337500006    
  0.579999924       130.000000      0.337179959      0.300000012      0.324999988      0.294999987      0.379999995    
  0.599999905       133.000000      0.333224624      0.330000013      0.332500011      0.297500014      0.332500011    
  0.619999886       133.000000      0.329183996      0.310000002      0.332500011      0.300000012      0.337500006    
  0.639999866       129.000000      0.325062305      0.330000013      0.322499990      0.307500005      0.282499999    
  0.659999847       135.000000      0.320863843      0.310000002      0.337500006      0.305000007      0.319999993    
  0.679999828       126.000000      0.316592962      0.280000001      0.314999998      0.344999999      0.247500002    
  0.700000048       117.000000      0.312253952      0.297500014      0.292499989      0.314999998      0.327499986    
  0.720000029       122.000000      0.307851255      0.272500008      0.305000007      0.340000004      0.302500010    
  0.740000010       142.000000      0.303389281      0.297500014      0.354999989      0.337500006      0.310000002    
  0.759999990       144.000000      0.298872411      0.287499994      0.360000014      0.287499994      0.294999987    
  0.779999971       118.000000      0.294305056      0.310000002      0.294999987      0.297500014      0.287499994    
  0.799999952       121.000000      0.289691567      0.294999987      0.302500010      0.270000011      0.319999993    
  0.819999933       106.000000      0.285036385      0.287499994      0.264999986      0.234999999      0.289999992    
  0.839999914       114.000000      0.280343831      0.237499997      0.284999996      0.272500008      0.280000001    
  0.859999895       112.000000      0.275618285      0.280000001      0.280000001      0.259999990      0.284999996    
  0.879999876       101.000000      0.270864010      0.270000011      0.252499998      0.287499994      0.289999992    
  0.899999857       102.000000      0.266085267      0.310000002      0.254999995      0.264999986      0.270000011    
  0.919999838       87.0000000      0.261286348      0.292499989      0.217500001      0.272500008      0.259999990    
  0.939999819       110.000000      0.256471336      0.272500008      0.275000006      0.264999986      0.284999996    
  0.960000038       107.000000      0.251644343      0.245000005      0.267500013      0.300000012      0.207499996    
  0.980000019       97.0000000      0.246809483      0.212500006      0.242500007      0.282499999      0.245000005    
   1.00000000       110.000000      0.241970733      0.232500002      0.275000006      0.239999995      0.292499989    
   1.01999998       107.000000      0.237131953      0.300000012      0.267500013      0.250000000      0.242500007    
   1.03999996       85.0000000      0.232297018      0.227500007      0.212500006      0.264999986      0.234999999    
   1.05999994       79.0000000      0.227469653      0.259999990      0.197500005      0.239999995      0.262499988    
   1.07999992       97.0000000      0.222653508      0.194999993      0.242500007      0.194999993      0.212500006    
   1.09999990       93.0000000      0.217852220      0.242500007      0.232500002      0.222499996      0.192499995    
   1.11999989       80.0000000      0.213069186      0.200000003      0.200000003      0.239999995      0.202500001    
   1.13999987       101.000000      0.208307832      0.222499996      0.252499998      0.242500007      0.185000002    
   1.15999985       79.0000000      0.203571424      0.189999998      0.197500005      0.217500001      0.217500001    
   1.17999983       75.0000000      0.198863164      0.192499995      0.187500000      0.189999998      0.170000002    
   1.19999981       76.0000000      0.194186106      0.219999999      0.189999998      0.230000004      0.165000007    
   1.22000003       83.0000000      0.189543158      0.215000004      0.207499996      0.185000002      0.237499997    
   1.24000001       74.0000000      0.184937283      0.239999995      0.185000002      0.182500005      0.182500005    
   1.25999999       84.0000000      0.180371165      0.219999999      0.209999993      0.172499999      0.187500000    
   1.27999997       71.0000000      0.175847441      0.202500001      0.177499995      0.180000007      0.174999997    
   1.29999995       78.0000000      0.171368614      0.177499995      0.194999993      0.167500004      0.167500004    
   1.31999993       80.0000000      0.166937053      0.204999998      0.200000003      0.182500005      0.135000005    
   1.33999991       70.0000000      0.162555069      0.204999998      0.174999997      0.217500001      0.140000001    
   1.35999990       78.0000000      0.158224821      0.157499999      0.194999993      0.177499995      0.172499999    
   1.37999988       64.0000000      0.153948322      0.142499998      0.159999996      0.187500000      0.187500000    
   1.39999986       62.0000000      0.149727508      0.187500000      0.155000001      0.157499999      0.152500004    
   1.41999984       51.0000000      0.145564154      0.150000006      0.127499998      0.165000007      0.135000005    
   1.43999982       47.0000000      0.141460001      0.180000007      0.117500000      0.167500004      0.132499993    
   1.46000004       62.0000000      0.137416542      0.147499993      0.155000001      0.165000007      0.144999996    
   1.48000002       50.0000000      0.133435294      0.180000007      0.125000000      0.140000001      0.132499993    
   1.50000000       71.0000000      0.129517600      0.117500000      0.177499995      0.162499994      0.182500005    
   1.51999998       54.0000000      0.125664651      0.127499998      0.135000005      0.137500003      0.150000006    
   1.53999996       47.0000000      0.121877551      0.140000001      0.117500000       9.49999988E-02  0.122500002    
   1.55999994       38.0000000      0.118157320      0.137500003       9.49999988E-02  0.119999997      0.115000002    
   1.57999992       43.0000000      0.114504822      0.125000000      0.107500002      0.135000005      0.125000000    
   1.59999990       44.0000000      0.110920854      0.109999999      0.109999999      0.125000000      0.117500000    
   1.61999989       46.0000000      0.107406095      0.127499998      0.115000002      0.115000002       9.49999988E-02
   1.63999987       58.0000000      0.103961125      0.125000000      0.144999996       9.74999964E-02   9.74999964E-02
   1.65999985       52.0000000      0.100586392      0.104999997      0.129999995      0.127499998      0.104999997    
   1.67999983       50.0000000       9.72822979E-02   9.25000012E-02  0.125000000       9.49999988E-02  0.109999999    
   1.69999981       43.0000000       9.40491110E-02   9.74999964E-02  0.107500002      0.117500000      0.107500002    
   1.72000003       32.0000000       9.08869803E-02  0.117500000       7.99999982E-02   8.25000033E-02   7.24999979E-02
   1.74000001       34.0000000       8.77960697E-02   8.50000009E-02   8.50000009E-02  0.100000001      0.115000002    
   1.75999999       31.0000000       8.47763643E-02   7.00000003E-02   7.75000006E-02  0.112499997       8.25000033E-02
   1.77999997       29.0000000       8.18277821E-02   8.25000033E-02   7.24999979E-02  0.112499997       4.74999994E-02
   1.79999995       44.0000000       7.89501667E-02  0.100000001      0.109999999      0.100000001       7.99999982E-02
   1.81999993       30.0000000       7.61432797E-02   7.99999982E-02   7.50000030E-02   9.49999988E-02  0.102499999    
   1.83999991       40.0000000       7.34068230E-02   8.74999985E-02  0.100000001       9.25000012E-02   6.49999976E-02
   1.85999990       32.0000000       7.07404092E-02   6.25000000E-02   7.99999982E-02   7.00000003E-02  0.102499999    
   1.87999988       37.0000000       6.81435838E-02   5.75000010E-02   9.25000012E-02   4.25000004E-02   5.75000010E-02
   1.89999986       39.0000000       6.56158328E-02   9.00000036E-02   9.74999964E-02   6.49999976E-02   8.25000033E-02
   1.91999984       22.0000000       6.31565824E-02   7.24999979E-02   5.49999997E-02   7.75000006E-02   5.00000007E-02
   1.93999982       23.0000000       6.07651882E-02   7.99999982E-02   5.75000010E-02   8.50000009E-02   5.75000010E-02
   1.95999980       24.0000000       5.84409684E-02   7.75000006E-02   5.99999987E-02   5.49999997E-02   5.00000007E-02
   1.98000002       25.0000000       5.61831407E-02   5.75000010E-02   6.25000000E-02   7.00000003E-02   5.75000010E-02
   2.00000000       22.0000000       5.39909676E-02   5.99999987E-02   5.49999997E-02   6.25000000E-02   4.74999994E-02
