  -1.98000002       1159.00000       1099.00000       5.61831407E-02   5.79500012E-02   5.49499989E-02   5.71000017E-02   5.53999990E-02   5.26000001E-02   5.62499985E-02   5.60000017E-02   5.44000007E-02   5.55500016E-02   5.59000000E-02
  -1.96000004       1246.00000       1289.00000       5.84409423E-02   6.23000003E-02   6.44500032E-02   5.75999990E-02   6.12000003E-02   5.77000007E-02   5.88999987E-02   5.85500002E-02   5.71999997E-02   5.39500006E-02   5.75499982E-02
  -1.94000006       1293.00000       1286.00000       6.07651658E-02   6.46499991E-02   6.43000007E-02   6.49999976E-02   6.06999993E-02   5.96500002E-02   5.95499985E-02   5.95499985E-02   6.06999993E-02   5.93000017E-02   5.84499985E-02
  -1.91999996       1310.00000       1352.00000       6.31565675E-02   6.54999986E-02   6.75999969E-02   6.48000017E-02   6.56000003E-02   6.39000013E-02   6.20499998E-02   6.19999990E-02   6.26500025E-02   6.04499988E-02   6.30500019E-02
  -1.89999998       1412.00000       1332.00000       6.56158254E-02   7.06000030E-02   6.66000023E-02   6.91500008E-02   6.71499968E-02   6.44000024E-02   6.65000007E-02   6.53000027E-02   6.61000013E-02   6.21999986E-02   6.51500002E-02
  -1.88000000       1454.00000       1382.00000       6.81435689E-02   7.27000013E-02   6.91000000E-02   7.03499988E-02   6.67499974E-02   6.66500032E-02   7.03499988E-02   6.89999983E-02   6.61000013E-02   7.02999979E-02   6.68499991E-02
  -1.86000001       1445.00000       1454.00000       7.07403943E-02   7.22500011E-02   7.27000013E-02   7.19999969E-02   6.99499995E-02   6.89499974E-02   6.92000017E-02   6.79000020E-02   6.79000020E-02   6.80000037E-02   6.86499998E-02
  -1.84000003       1559.00000       1608.00000       7.34068081E-02   7.79500008E-02   8.03999975E-02   7.40500018E-02   7.59999976E-02   7.11499974E-02   6.94999993E-02   7.51499981E-02   6.87500015E-02   7.17500001E-02   7.09500015E-02
  -1.82000005       1619.00000       1618.00000       7.61432722E-02   8.09499994E-02   8.08999985E-02   7.80500025E-02   7.86499977E-02   7.66000003E-02   7.71500021E-02   7.52499998E-02   7.69499987E-02   7.84500018E-02   7.31500015E-02
  -1.79999995       1641.00000       1639.00000       7.89501667E-02   8.20500031E-02   8.19500014E-02   7.94499964E-02   7.95999989E-02   7.47499987E-02   8.03000033E-02   7.92500004E-02   7.75000006E-02   7.84500018E-02   7.63000026E-02
  -1.77999997       1725.00000       1701.00000       8.18277821E-02   8.62499997E-02   8.50500017E-02   8.41000006E-02   8.59000012E-02   8.15000013E-02   8.51000026E-02   8.00999999E-02   8.16999972E-02   8.25000033E-02   7.94000030E-02
  -1.75999999       1742.00000       1765.00000       8.47763643E-02   8.70999992E-02   8.82499963E-02   8.78999978E-02   8.37500021E-02   8.42999965E-02   8.19000006E-02   8.44999999E-02   8.00499991E-02   8.25499967E-02   8.52999985E-02
  -1.74000001       1813.00000       1855.00000       8.77960697E-02   9.06499997E-02   9.27499980E-02   8.83999988E-02   9.16000009E-02   8.67500007E-02   8.40499997E-02   8.43999982E-02   8.49500000E-02   8.54000002E-02   8.72000009E-02
  -1.72000003       1979.00000       1782.00000       9.08869803E-02   9.89499986E-02   8.91000032E-02   9.11500007E-02   9.10499990E-02   9.27999988E-02   8.95500034E-02   9.00999978E-02   9.27999988E-02   8.57499987E-02   8.71500000E-02
  -1.70000005       2037.00000       1972.00000       9.40490812E-02  0.101850003       9.86000001E-02   9.54999998E-02   9.27999988E-02   9.33500007E-02   9.31499973E-02   9.17000026E-02   9.16000009E-02   9.20500010E-02   9.26999971E-02
  -1.68000007       2102.00000       2089.00000       9.72822532E-02  0.105099998      0.104450002       9.73000005E-02   9.92000028E-02   9.36499983E-02   9.48000029E-02   9.47500020E-02   9.45999995E-02   9.70000029E-02   9.61500034E-02
  -1.65999997       2214.00000       2137.00000      0.100586370      0.110699996      0.106849998      0.104800001      0.103200004      0.101499997      0.100649998       9.79499966E-02   9.87500027E-02  0.100850001      0.103550002    
  -1.63999999       2138.00000       2089.00000      0.103961103      0.106899999      0.104450002      0.107199997      0.110050000      0.102899998      0.103200004      0.103699997      0.105999999      0.103550002      0.101199999    
  -1.62000000       2237.00000       2189.00000      0.107406080      0.111850001      0.109449998      0.108599998      0.107100002      0.108050004      0.102949999      0.107749999      0.106950000      0.105200000      0.108450003    
  -1.60000002       2465.00000       2280.00000      0.110920832      0.123250000      0.114000000      0.111149997      0.111149997      0.106600001      0.111400001      0.107199997      0.103799999      0.109399997      0.111299999    
  -1.58000004       2475.00000       2370.00000      0.114504799      0.123750001      0.118500002      0.113799997      0.118500002      0.112099998      0.110250004      0.114450000      0.116200000      0.110950001      0.114650004    
  -1.55999994       2540.00000       2470.00000      0.118157320      0.127000004      0.123499997      0.119499996      0.119900003      0.112350002      0.123049997      0.118900001      0.115750000      0.116949998      0.114500001    
  -1.53999996       2573.00000       2544.00000      0.121877551      0.128649995      0.127200007      0.126300007      0.122149996      0.121050000      0.120800003      0.115549996      0.122100003      0.120350003      0.120899998    
  -1.51999998       2723.00000       2589.00000      0.125664651      0.136150002      0.129449993      0.130750000      0.121450000      0.125900000      0.120549999      0.126750007      0.124499999      0.119549997      0.121200003    
  -1.50000000       2766.00000       2661.00000      0.129517600      0.138300002      0.133049995      0.132900000      0.130700007      0.128800005      0.126650006      0.128649995      0.124849997      0.132300004      0.125149995    
  -1.48000002       2870.00000       2731.00000      0.133435294      0.143500000      0.136549994      0.136549994      0.132650003      0.137099996      0.131850004      0.129199997      0.129449993      0.131099999      0.130799994    
  -1.46000004       2901.00000       2832.00000      0.137416542      0.145050004      0.141599998      0.141900003      0.137850001      0.135949999      0.137150005      0.137600005      0.137199998      0.133949995      0.140000001    
  -1.44000006       3025.00000       3008.00000      0.141459957      0.151250005      0.150399998      0.144700006      0.142000005      0.141149998      0.136950001      0.139699996      0.137850001      0.138200000      0.141749993    
  -1.42000008       3052.00000       2993.00000      0.145564124      0.152600005      0.149649993      0.147599995      0.146050006      0.142199993      0.146149993      0.139100000      0.145099998      0.146349996      0.143800005    
  -1.40000010       3138.00000       3072.00000      0.149727449      0.156900004      0.153600007      0.153650001      0.151600003      0.145799994      0.148200005      0.151099995      0.143600002      0.148750007      0.146149993    
  -1.38000000       3218.00000       3088.00000      0.153948292      0.160899997      0.154400006      0.154799998      0.159199998      0.149299994      0.151899993      0.148750007      0.151899993      0.150500000      0.150350004    
  -1.36000001       3481.00000       3182.00000      0.158224791      0.174050003      0.159099996      0.161200002      0.159950003      0.153650001      0.157150000      0.157100007      0.157250002      0.156499997      0.157849997    
  -1.34000003       3416.00000       3403.00000      0.162555054      0.170800000      0.170149997      0.163299993      0.163650006      0.158099994      0.160349995      0.156100005      0.158800006      0.162850007      0.157049999    
  -1.31999993       3468.00000       3388.00000      0.166937053      0.173400000      0.169400007      0.168500006      0.170650005      0.164499998      0.166950002      0.161950007      0.165000007      0.167349994      0.164199993    
  -1.29999995       3713.00000       3487.00000      0.171368614      0.185650006      0.174349993      0.174549997      0.171499997      0.169650003      0.168400005      0.173500001      0.172000006      0.167999998      0.172649994    
  -1.27999997       3569.00000       3775.00000      0.175847441      0.178450003      0.188749999      0.176200002      0.174799994      0.180000007      0.179049999      0.178399995      0.175999999      0.175699994      0.174899995    
  -1.25999999       3789.00000       3741.00000      0.180371165      0.189449996      0.187050000      0.183899999      0.186199993      0.180950001      0.175349995      0.183699995      0.179900005      0.180000007      0.180199996    
  -1.24000001       3882.00000       3796.00000      0.184937283      0.194100007      0.189799994      0.193250000      0.185249999      0.185049996      0.183100000      0.176799998      0.180899993      0.184650004      0.183050007    
  -1.22000003       4017.00000       3783.00000      0.189543158      0.200849995      0.189150006      0.193849996      0.189050004      0.194949999      0.191799998      0.184949994      0.186199993      0.186049998      0.188099995    
  -1.20000005       4105.00000       4016.00000      0.194186062      0.205249995      0.200800002      0.205050007      0.197349995      0.192849994      0.193800002      0.190850005      0.189349994      0.189999998      0.191049993    
  -1.18000007       4021.00000       4107.00000      0.198863104      0.201049998      0.205349997      0.205200002      0.195050001      0.198650002      0.198949993      0.194049999      0.197950006      0.199699998      0.197549999    
  -1.16000009       4120.00000       4174.00000      0.203571379      0.206000000      0.208700001      0.210099995      0.207300007      0.204799995      0.198249996      0.197500005      0.207800001      0.201350003      0.200000003    
  -1.14000010       4278.00000       4213.00000      0.208307788      0.213900000      0.210649997      0.211899996      0.214450002      0.206349999      0.210449994      0.206100002      0.207699999      0.209700003      0.207000002    
  -1.12000000       4336.00000       4347.00000      0.213069156      0.216800004      0.217350006      0.218150005      0.216949999      0.207650006      0.211600006      0.208399996      0.213450000      0.210299999      0.207599998    
  -1.10000002       4522.00000       4403.00000      0.217852175      0.226099998      0.220149994      0.222049996      0.220149994      0.216450006      0.216600001      0.216399997      0.211449996      0.217649996      0.218400002    
  -1.08000004       4490.00000       4462.00000      0.222653493      0.224500000      0.223100007      0.222800002      0.224050000      0.222800002      0.214599997      0.219850004      0.219099998      0.217950001      0.217350006    
  -1.05999994       4619.00000       4635.00000      0.227469653      0.230949998      0.231749997      0.223250002      0.222749993      0.219600007      0.228699997      0.226349995      0.224500000      0.223649994      0.233099997    
  -1.03999996       4804.00000       4691.00000      0.232297018      0.240199998      0.234549999      0.230049998      0.232500002      0.232150003      0.226799995      0.234449998      0.233600006      0.229300007      0.228799999    
  -1.01999998       4842.00000       4750.00000      0.237131953      0.242100000      0.237499997      0.241650000      0.244499996      0.237399995      0.244700000      0.234150007      0.227599993      0.229399994      0.234349996    
  -1.00000000       4828.00000       4742.00000      0.241970733      0.241400003      0.237100005      0.242149994      0.244949996      0.240199998      0.236800000      0.242349997      0.244000003      0.239250004      0.242750004    
 -0.980000019       5029.00000       4983.00000      0.246809483      0.251450002      0.249149993      0.250200003      0.247649997      0.246299997      0.247600004      0.245849997      0.247050002      0.245100006      0.245600000    
 -0.960000038       5185.00000       4975.00000      0.251644343      0.259249985      0.248750001      0.247799993      0.250649989      0.252499998      0.245499998      0.251749992      0.252099991      0.244650006      0.251199991    
 -0.940000057       5197.00000       5103.00000      0.256471306      0.259849995      0.255149990      0.256850004      0.254000008      0.250299990      0.253199995      0.251899987      0.250449985      0.259600013      0.249699995    
 -0.920000076       5203.00000       5192.00000      0.261286288      0.260149986      0.259600013      0.256550014      0.260600001      0.266000003      0.260699987      0.258549988      0.254150003      0.262499988      0.259299994    
 -0.899999976       5313.00000       5301.00000      0.266085267      0.265650004      0.265049994      0.269149989      0.265049994      0.263099998      0.258700013      0.264950007      0.269349992      0.262549996      0.259550005    
 -0.879999995       5370.00000       5288.00000      0.270863980      0.268500000      0.264400005      0.266149998      0.272350013      0.270449996      0.276349992      0.268949986      0.277350008      0.272300005      0.266999990    
 -0.860000014       5518.00000       5587.00000      0.275618255      0.275900006      0.279350013      0.271400005      0.280600011      0.279949993      0.270649999      0.275400013      0.276050001      0.268999994      0.275200009    
 -0.840000033       5594.00000       5566.00000      0.280343831      0.279700011      0.278299987      0.279350013      0.274349988      0.276499987      0.275700003      0.279350013      0.281599998      0.278149992      0.280550003    
 -0.820000052       5691.00000       5595.00000      0.285036355      0.284550011      0.279749990      0.290300012      0.282350004      0.283899993      0.287400007      0.280250013      0.284449995      0.281049997      0.281850010    
 -0.800000072       5772.00000       5705.00000      0.289691567      0.288599998      0.285250008      0.293650001      0.288300008      0.287849993      0.286749989      0.287099987      0.289600015      0.290650010      0.288749993    
 -0.779999971       5913.00000       5770.00000      0.294305056      0.295650005      0.288500011      0.294550002      0.296649992      0.290050000      0.288349986      0.292149991      0.294050008      0.288150012      0.298150003    
 -0.759999990       5907.00000       6035.00000      0.298872411      0.295349985      0.301750004      0.297199994      0.294050008      0.295899987      0.297199994      0.292450011      0.301750004      0.288549989      0.297199994    
 -0.740000010       6154.00000       5966.00000      0.303389281      0.307700008      0.298299998      0.300599992      0.299849987      0.301849991      0.297300011      0.299199998      0.306600004      0.305799991      0.293350011    
 -0.720000029       5996.00000       6201.00000      0.307851255      0.299800009      0.310050011      0.299899995      0.315649986      0.302399993      0.305649996      0.305200011      0.307550013      0.309700012      0.303600013    
 -0.700000048       6200.00000       6154.00000      0.312253952      0.310000002      0.307700008      0.304349989      0.309100002      0.308499992      0.310149997      0.310999990      0.312949985      0.313699991      0.318450004    
 -0.680000067       6182.00000       6266.00000      0.316592902      0.309100002      0.313300014      0.315100014      0.311049998      0.313800007      0.312000006      0.303200006      0.310849994      0.309700012      0.312299997    
 -0.660000086       6338.00000       6281.00000      0.320863783      0.316900015      0.314049989      0.316249996      0.311699986      0.320199996      0.314350009      0.320600003      0.319700003      0.310900003      0.311899990    
 -0.639999986       6426.00000       6544.00000      0.325062275      0.321300000      0.327199996      0.321999997      0.326350003      0.329600006      0.322800010      0.328399986      0.314399987      0.330650002      0.326700002    
 -0.620000005       6430.00000       6485.00000      0.329183966      0.321500003      0.324250013      0.324250013      0.329750001      0.329650015      0.332450002      0.322250009      0.323700011      0.325899988      0.324149996    
 -0.600000024       6374.00000       6658.00000      0.333224624      0.318699986      0.332899988      0.338950008      0.326999992      0.333750010      0.328249991      0.339850008      0.330049992      0.330249995      0.336800009    
 -0.580000043       6626.00000       6671.00000      0.337179929      0.331299990      0.333550006      0.328049988      0.335550010      0.332599998      0.331449986      0.334199995      0.334749997      0.329750001      0.330799997    
 -0.560000062       6638.00000       6749.00000      0.341045767      0.331900001      0.337449998      0.332249999      0.334850013      0.331050009      0.335900009      0.341800004      0.337550014      0.337550014      0.336899996    
 -0.540000081       6824.00000       6698.00000      0.344817996      0.341199994      0.334899992      0.339199990      0.338149995      0.346049994      0.346549988      0.344900012      0.343250006      0.344999999      0.346500009    
 -0.519999981       6927.00000       6844.00000      0.348492533      0.346350014      0.342200011      0.341650009      0.348500013      0.350849986      0.347200006      0.340099990      0.346850008      0.344249994      0.351949990    
 -0.500000000       6920.00000       6836.00000      0.352065325      0.345999986      0.341800004      0.341199994      0.353350013      0.343650013      0.341650009      0.346749991      0.344449997      0.347449988      0.353350013    
 -0.480000019       6744.00000       7020.00000      0.355532557      0.337199986      0.351000011      0.348600000      0.352349997      0.355899990      0.354449987      0.353850007      0.350050002      0.354900002      0.350499988    
 -0.460000038       7077.00000       7057.00000      0.358890295      0.353850007      0.352849990      0.357650012      0.347499996      0.357149988      0.353599995      0.361550003      0.348699987      0.361350000      0.352299988    
 -0.440000057       7046.00000       7233.00000      0.362134874      0.352299988      0.361649990      0.355800003      0.359349996      0.359149992      0.361149997      0.359149992      0.366250008      0.353749990      0.353100002    
 -0.420000076       7036.00000       7146.00000      0.365262657      0.351799995      0.357300013      0.350699991      0.356700003      0.360199988      0.361900002      0.363400012      0.366549999      0.357250005      0.359250009    
 -0.400000095       7059.00000       7368.00000      0.368270129      0.352950007      0.368400007      0.365850002      0.359600008      0.370750010      0.370050013      0.366450012      0.377849996      0.366149992      0.370449990    
 -0.379999995       7283.00000       7104.00000      0.371153891      0.364149988      0.355199993      0.359050006      0.369949996      0.364199996      0.375099987      0.366950005      0.373100013      0.371250004      0.370799989    
 -0.360000014       7217.00000       7340.00000      0.373910606      0.360850006      0.367000014      0.364499986      0.369450003      0.371699989      0.370350003      0.374949992      0.382050008      0.373349994      0.367599994    
 -0.340000033       7187.00000       7322.00000      0.376537174      0.359349996      0.366100013      0.364600003      0.365999997      0.381550014      0.377900004      0.374350011      0.369300008      0.366549999      0.373299986    
 -0.320000052       7221.00000       7371.00000      0.379030526      0.361050010      0.368550003      0.371499985      0.366499990      0.377449989      0.379999995      0.377999991      0.377900004      0.373650014      0.376199991    
 -0.300000072       7369.00000       7262.00000      0.381387830      0.368449986      0.363099992      0.375900000      0.372099996      0.385800004      0.379249990      0.384900004      0.375550002      0.378250003      0.382450014    
 -0.280000091       7307.00000       7447.00000      0.383606285      0.365350008      0.372350007      0.374100000      0.376949996      0.383949995      0.377099991      0.383350015      0.374350011      0.381399989      0.385650009    
 -0.259999990       7386.00000       7463.00000      0.385683388      0.369300008      0.373149991      0.382250011      0.374100000      0.377999991      0.384200007      0.380899996      0.384200007      0.387600005      0.385349989    
 -0.240000010       7445.00000       7539.00000      0.387616634      0.372249991      0.376949996      0.370599985      0.377649993      0.377900004      0.391149998      0.386750013      0.384000003      0.391250014      0.380699992    
 -0.220000029       7533.00000       7604.00000      0.389403790      0.376650006      0.380199999      0.381249994      0.388000011      0.382999986      0.392949998      0.384299994      0.387650013      0.387499988      0.391550004    
 -0.200000048       7555.00000       7768.00000      0.391042709      0.377750009      0.388399988      0.383850008      0.383899987      0.385949999      0.388550013      0.395700008      0.387699991      0.395249993      0.391000003    
 -0.180000067       7573.00000       7582.00000      0.392531514      0.378650010      0.379099995      0.395350009      0.387100011      0.392899990      0.380849987      0.395449996      0.379550010      0.390749991      0.398849994    
 -0.160000086       7613.00000       7706.00000      0.393868357      0.380650014      0.385300010      0.389899999      0.387400001      0.388500005      0.390100002      0.393849999      0.391600013      0.397799999      0.396600008    
 -0.139999986       7693.00000       7821.00000      0.395051748      0.384649992      0.391050011      0.386049986      0.391449988      0.390500009      0.389849991      0.398000002      0.398649991      0.388000011      0.392199993    
 -0.120000005       7668.00000       7704.00000      0.396080226      0.383399993      0.385199994      0.386849999      0.379550010      0.390899986      0.393400013      0.392699987      0.391400009      0.396800011      0.397949994    
 -0.100000024       7633.00000       7721.00000      0.396952540      0.381650001      0.386049986      0.385250002      0.393249989      0.402150005      0.396149993      0.386599988      0.397949994      0.398099989      0.400449991    
  -8.00000429E-02   7674.00000       7846.00000      0.397667736      0.383700013      0.392300010      0.387149990      0.392399997      0.398449987      0.399450004      0.386099994      0.386599988      0.395049989      0.396600008    
  -6.00000620E-02   7655.00000       7673.00000      0.398224831      0.382750005      0.383650005      0.386999995      0.394800007      0.397399992      0.385800004      0.391200006      0.398299992      0.402300000      0.394100010    
  -4.00000811E-02   7788.00000       7646.00000      0.398623288      0.389400005      0.382299989      0.393599987      0.392049998      0.405950010      0.398550004      0.389999986      0.404949993      0.395449996      0.401899993    
  -2.00001001E-02   7622.00000       7864.00000      0.398862511      0.381099999      0.393200010      0.393999994      0.386000007      0.392349988      0.394899994      0.407849997      0.395150006      0.398050010      0.395550013    
   0.00000000       7759.00000       7884.00000      0.398942292      0.387950003      0.394199997      0.393999994      0.394199997      0.399250001      0.397749990      0.403349996      0.392500013      0.399199992      0.390599996    
   1.99999809E-02   7521.00000       7708.00000      0.398862511      0.376049995      0.385399997      0.391750008      0.395300001      0.392300010      0.403950006      0.412499994      0.398849994      0.398250014      0.404350013    
   3.99999619E-02   7731.00000       7783.00000      0.398623288      0.386550009      0.389149994      0.399500012      0.392150015      0.397399992      0.402150005      0.397300005      0.408899993      0.394699991      0.404300004    
   5.99999428E-02   7719.00000       7855.00000      0.398224831      0.385949999      0.392749995      0.393849999      0.390199989      0.392949998      0.401300013      0.395449996      0.399749994      0.405800015      0.393799990    
   7.99999237E-02   7639.00000       7800.00000      0.397667736      0.381949991      0.389999986      0.386249989      0.387050003      0.395249993      0.400999993      0.398250014      0.390799999      0.394849986      0.397150010    
   9.99999046E-02   7457.00000       7718.00000      0.396952540      0.372850001      0.385899991      0.386049986      0.385749996      0.393500000      0.390150011      0.393649995      0.396849990      0.398299992      0.398000002    
  0.119999886       7649.00000       7615.00000      0.396080226      0.382450014      0.380750000      0.393550009      0.401199996      0.400350004      0.396100014      0.395900011      0.386000007      0.393200010      0.389750004    
  0.139999866       7611.00000       7741.00000      0.395051777      0.380549997      0.387050003      0.387750000      0.393099993      0.391900003      0.401400000      0.390799999      0.395550013      0.393900007      0.391000003    
  0.159999847       7858.00000       7728.00000      0.393868387      0.392899990      0.386400014      0.388200015      0.385800004      0.398600012      0.394199997      0.382900000      0.384400010      0.395249993      0.394199997    
  0.180000067       7644.00000       7799.00000      0.392531514      0.382200003      0.389950007      0.385800004      0.386700004      0.389600009      0.401650012      0.391350001      0.393350005      0.395850003      0.399650007    
  0.200000048       7412.00000       7691.00000      0.391042709      0.370599985      0.384550005      0.383049995      0.382099986      0.388150007      0.390249997      0.388099998      0.390399992      0.392549992      0.394400001    
  0.220000029       7583.00000       7712.00000      0.389403790      0.379150003      0.385600001      0.388500005      0.378149986      0.387950003      0.389299989      0.385749996      0.388900012      0.397850007      0.380950004    
  0.240000010       7439.00000       7701.00000      0.387616634      0.371950001      0.385049999      0.380250007      0.383350015      0.396950006      0.390399992      0.394749999      0.383899987      0.391449988      0.390899986    
  0.259999990       7495.00000       7591.00000      0.385683388      0.374749988      0.379550010      0.382499993      0.385949999      0.386299998      0.386449993      0.392100006      0.387549996      0.377950013      0.378699988    
  0.279999971       7519.00000       7419.00000      0.383606315      0.375950009      0.370950013      0.383899987      0.379099995      0.387050003      0.382900000      0.384400010      0.386849999      0.388850003      0.381000012    
  0.299999952       7327.00000       7432.00000      0.381387830      0.366349995      0.371600002      0.373400003      0.374350011      0.379949987      0.391849995      0.387849987      0.384400010      0.386599988      0.380199999    
  0.319999933       7528.00000       7551.00000      0.379030555      0.376399994      0.377550006      0.382200003      0.377750009      0.375449985      0.381449997      0.380149990      0.376399994      0.374399990      0.368699998    
  0.339999914       7413.00000       7569.00000      0.376537174      0.370649993      0.378450006      0.367949992      0.385199994      0.382800013      0.385800004      0.371899992      0.376500010      0.380349994      0.382200003    
  0.359999895       7314.00000       7371.00000      0.373910606      0.365700006      0.368550003      0.370150000      0.370050013      0.368550003      0.372449994      0.376800001      0.378100008      0.373549998      0.377400011    
  0.379999876       7107.00000       7121.00000      0.371153891      0.355349988      0.356050014      0.368299991      0.367350012      0.371699989      0.371050000      0.379249990      0.372399986      0.366100013      0.379649997    
  0.399999857       7104.00000       7229.00000      0.368270159      0.355199993      0.361449987      0.362399995      0.369300008      0.370999992      0.373050004      0.374650002      0.369349986      0.369150013      0.373250008    
  0.419999838       7356.00000       7265.00000      0.365262717      0.367799997      0.363249987      0.358900011      0.366200000      0.362450004      0.364300013      0.368149996      0.365099996      0.366100013      0.368800014    
  0.440000057       7128.00000       7108.00000      0.362134874      0.356400013      0.355399996      0.352499992      0.360000014      0.361550003      0.361900002      0.367300004      0.358300000      0.367000014      0.364199996    
  0.460000038       7115.00000       7154.00000      0.358890295      0.355749995      0.357699990      0.358200014      0.356550008      0.361550003      0.363000005      0.366050005      0.360599995      0.358399987      0.366600007    
  0.480000019       6950.00000       7090.00000      0.355532557      0.347499996      0.354499996      0.358850002      0.357300013      0.360850006      0.360900015      0.358399987      0.357849985      0.357250005      0.348949999    
  0.500000000       6786.00000       6992.00000      0.352065325      0.339300007      0.349599987      0.352149993      0.354099989      0.356249988      0.354950011      0.353749990      0.359499991      0.354849994      0.354200006    
  0.519999981       6842.00000       6925.00000      0.348492533      0.342099994      0.346249998      0.351449996      0.348549992      0.350300014      0.352849990      0.343349993      0.349999994      0.348300010      0.342449993    
  0.539999962       6627.00000       6917.00000      0.344818026      0.331349999      0.345849991      0.342200011      0.344999999      0.351449996      0.343300015      0.338699996      0.343400002      0.349449992      0.347600013    
  0.559999943       6670.00000       6812.00000      0.341045797      0.333499998      0.340600014      0.345950007      0.339599997      0.339700013      0.338400006      0.346850008      0.346749991      0.347200006      0.348349988    
  0.579999924       6634.00000       6748.00000      0.337179959      0.331699997      0.337399989      0.335799992      0.336549997      0.332800001      0.329899997      0.338900000      0.347750008      0.337350011      0.345299989    
  0.599999905       6690.00000       6458.00000      0.333224624      0.334500015      0.322899997      0.333200008      0.331149995      0.334600002      0.333200008      0.338750005      0.337449998      0.328449994      0.330350012    
  0.619999886       6637.00000       6572.00000      0.329183996      0.331849992      0.328599989      0.319750011      0.329499990      0.326000005      0.321500003      0.325800002      0.334950000      0.333499998      0.333249986    
  0.639999866       6384.00000       6437.00000      0.325062305      0.319200009      0.321850002      0.325549990      0.327349991      0.324000001      0.327450007      0.324849993      0.323300004      0.331099987      0.323749989    
  0.659999847       6396.00000       6343.00000      0.320863843      0.319799989      0.317149997      0.323599994      0.325599998      0.313549995      0.321150005      0.327100009      0.327800006      0.315549999      0.316850007    
  0.679999828       6414.00000       6314.00000      0.316592962      0.320699990      0.315699995      0.314150006      0.311899990      0.316500008      0.314249992      0.318150014      0.318049997      0.325049996      0.314399987    
  0.700000048       6259.00000       6125.00000      0.312253952      0.312949985      0.306250006      0.312599987      0.317849994      0.313050002      0.311699986      0.319350004      0.310149997      0.314949989      0.314350009    
  0.720000029       6195.00000       6195.00000      0.307851255      0.309749991      0.309749991      0.316850007      0.312400013      0.303849995      0.312999994      0.311749995      0.308600008      0.311800003      0.315050006    
  0.740000010       6106.00000       6070.00000      0.303389281      0.305299997      0.303499997      0.304100007      0.313349992      0.301649988      0.302549988      0.303600013      0.303799987      0.307550013      0.306950003    
  0.759999990       5981.00000       6039.00000      0.298872411      0.299050003      0.301950008      0.303600013      0.297600001      0.309599996      0.295650005      0.297250003      0.302700013      0.302700013      0.307099998    
  0.779999971       5844.00000       6024.00000      0.294305056      0.292199999      0.301200002      0.296700001      0.296449989      0.296700001      0.299050003      0.298200011      0.294649988      0.294250011      0.303449988    
  0.799999952       5762.00000       5782.00000      0.289691567      0.288100004      0.289099991      0.291700006      0.288700014      0.284200013      0.290450007      0.287849993      0.291249990      0.291900009      0.289600015    
  0.819999933       5693.00000       5793.00000      0.285036385      0.284649998      0.289649993      0.295399994      0.292699993      0.291350007      0.289400011      0.292199999      0.288549989      0.286549985      0.286249995    
  0.839999914       5665.00000       5751.00000      0.280343831      0.283250004      0.287550002      0.281300008      0.287000000      0.285349995      0.282750010      0.281749994      0.279350013      0.282999992      0.281399995    
  0.859999895       5633.00000       5669.00000      0.275618285      0.281650007      0.283450007      0.280900002      0.273050010      0.285750002      0.284150004      0.284799993      0.282900006      0.283899993      0.273699999    
  0.879999876       5490.00000       5529.00000      0.270864010      0.274500012      0.276450008      0.278600007      0.267399997      0.274650007      0.277799994      0.269899994      0.273050010      0.269800007      0.276100010    
  0.899999857       5485.00000       5362.00000      0.266085267      0.274250001      0.268099993      0.270150006      0.267399997      0.273050010      0.264450014      0.272399992      0.271699995      0.265899986      0.270200014    
  0.919999838       5430.00000       5221.00000      0.261286348      0.271499991      0.261049986      0.266999990      0.263000011      0.266900003      0.265700012      0.259249985      0.259999990      0.256399989      0.264050007    
  0.939999819       5356.00000       5370.00000      0.256471336      0.267800003      0.268500000      0.259649992      0.256999999      0.258650005      0.253899992      0.260300010      0.259600013      0.254249990      0.260600001    
  0.960000038       4963.00000       5041.00000      0.251644343      0.248150006      0.252050012      0.256599993      0.252000004      0.252099991      0.251850009      0.257250011      0.258500010      0.250349998      0.258549988    
  0.980000019       5062.00000       4918.00000      0.246809483      0.253100008      0.245900005      0.251700014      0.248400003      0.253600001      0.249300003      0.251549989      0.249349996      0.249950007      0.244900003    
   1.00000000       5069.00000       4966.00000      0.241970733      0.253450006      0.248300001      0.244499996      0.252400011      0.245849997      0.239500001      0.244700000      0.250149995      0.246000007      0.248699993    
   1.01999998       4858.00000       5016.00000      0.237131953      0.242899999      0.250800014      0.236650005      0.244100004      0.238749996      0.241200000      0.240750000      0.241200000      0.240300000      0.237499997    
   1.03999996       4953.00000       4919.00000      0.232297018      0.247649997      0.245949998      0.241799995      0.241950005      0.228149995      0.232950002      0.240099996      0.237499997      0.239399999      0.231549993    
   1.05999994       4723.00000       4722.00000      0.227469653      0.236149997      0.236100003      0.236849993      0.232649997      0.228949994      0.232950002      0.231849998      0.231800005      0.233600006      0.228699997    
   1.07999992       4677.00000       4373.00000      0.222653508      0.233850002      0.218649998      0.227699995      0.228400007      0.230100006      0.229350001      0.225600004      0.219549999      0.223499998      0.225850001    
   1.09999990       4511.00000       4478.00000      0.217852220      0.225549996      0.223900005      0.222200006      0.222599998      0.222200006      0.225350007      0.218999997      0.221599996      0.216049999      0.219050005    
   1.11999989       4370.00000       4326.00000      0.213069186      0.218500003      0.216299996      0.216100007      0.220300004      0.216900006      0.209950000      0.216250002      0.222399995      0.219950005      0.216849998    
   1.13999987       4436.00000       4234.00000      0.208307832      0.221799999      0.211700007      0.216399997      0.215499997      0.216549993      0.210449994      0.202749997      0.210400000      0.207699999      0.206850007    
   1.15999985       4279.00000       4333.00000      0.203571424      0.213949993      0.216649994      0.205249995      0.209700003      0.202250004      0.209199995      0.207499996      0.197899997      0.206450000      0.204150006    
   1.17999983       4112.00000       4038.00000      0.198863164      0.205599993      0.201900005      0.212799996      0.200550005      0.200450003      0.205599993      0.202099994      0.197950006      0.200599998      0.196950004    
   1.19999981       4006.00000       4106.00000      0.194186106      0.200299993      0.205300003      0.193900004      0.207749993      0.194549993      0.202299997      0.197449997      0.197150007      0.193100005      0.198400006    
   1.22000003       3972.00000       3840.00000      0.189543158      0.198599994      0.192000002      0.196500003      0.198050007      0.197899997      0.186849996      0.188150004      0.193749994      0.191599995      0.189400002    
   1.24000001       3906.00000       3816.00000      0.184937283      0.195299998      0.190799996      0.192399994      0.192949995      0.190200001      0.185499996      0.187099993      0.186499998      0.185049996      0.186600000    
   1.25999999       3788.00000       3786.00000      0.180371165      0.189400002      0.189300001      0.187000006      0.182249993      0.177650005      0.181700006      0.183400005      0.175500005      0.182750002      0.182699993    
   1.27999997       3673.00000       3703.00000      0.175847441      0.183650002      0.185149997      0.186100006      0.176100001      0.180800006      0.179450005      0.175400004      0.180600002      0.182200000      0.177849993    
   1.29999995       3609.00000       3556.00000      0.171368614      0.180450007      0.177800000      0.182600006      0.180849999      0.174050003      0.173199996      0.172600001      0.175750002      0.172250003      0.177800000    
   1.31999993       3625.00000       3557.00000      0.166937053      0.181250006      0.177849993      0.172499999      0.172649994      0.175799996      0.167850003      0.166899994      0.168449998      0.167500004      0.165950000    
   1.33999991       3516.00000       3464.00000      0.162555069      0.175799996      0.173199996      0.170699999      0.169149995      0.166649997      0.166500002      0.168200001      0.168449998      0.162699997      0.166350007    
   1.35999990       3451.00000       3385.00000      0.158224821      0.172549993      0.169249997      0.166600004      0.164649993      0.162249997      0.164649993      0.161349997      0.164299995      0.159700006      0.163149998    
   1.37999988       3326.00000       3288.00000      0.153948322      0.166299999      0.164399996      0.159850001      0.156200007      0.158050001      0.152799994      0.152199998      0.154650003      0.157000005      0.152950004    
   1.39999986       3287.00000       3275.00000      0.149727508      0.164350003      0.163749993      0.154499993      0.153249994      0.152250007      0.150800005      0.146300003      0.151600003      0.150999993      0.149000004    
   1.41999984       3135.00000       2899.00000      0.145564154      0.156749994      0.144950002      0.149350002      0.154499993      0.145549998      0.146200001      0.146500006      0.146699995      0.149749994      0.142949998    
   1.43999982       3116.00000       2986.00000      0.141460001      0.155800000      0.149299994      0.143399999      0.147850007      0.145400003      0.147100002      0.142000005      0.141599998      0.147249997      0.144899994    
   1.46000004       3118.00000       3001.00000      0.137416542      0.155900002      0.150049999      0.149450004      0.142949998      0.140699998      0.140900001      0.141299993      0.141450003      0.141800001      0.145750001    
   1.48000002       2890.00000       2866.00000      0.133435294      0.144500002      0.143299997      0.142299995      0.137400001      0.138150007      0.130099997      0.136350006      0.135550007      0.137300000      0.134450004    
   1.50000000       2803.00000       2742.00000      0.129517600      0.140149996      0.137099996      0.134849995      0.134599999      0.132049993      0.133149996      0.133049995      0.130600005      0.130349994      0.130150005    
   1.51999998       2727.00000       2587.00000      0.125664651      0.136350006      0.129350007      0.134049997      0.128600001      0.125149995      0.128000006      0.130799994      0.128600001      0.127599999      0.126499996    
   1.53999996       2602.00000       2634.00000      0.121877551      0.130099997      0.131699994      0.123750001      0.130600005      0.125249997      0.125450000      0.122249998      0.125249997      0.123149998      0.126800001    
   1.55999994       2604.00000       2535.00000      0.118157320      0.130199999      0.126750007      0.123149998      0.124949999      0.120449997      0.122249998      0.114100002      0.126550004      0.119350001      0.118799999    
   1.57999992       2516.00000       2447.00000      0.114504822      0.125799999      0.122350000      0.123149998      0.119350001      0.123149998      0.119599998      0.119800001      0.112800002      0.114050001      0.116149999    
   1.59999990       2428.00000       2458.00000      0.110920854      0.121399999      0.122900002      0.114000000      0.118749999      0.112650000      0.114699997      0.117650002      0.112750001      0.113349997      0.112400003    
   1.61999989       2392.00000       2248.00000      0.107406095      0.119599998      0.112400003      0.114500001      0.112199999      0.111699998      0.108850002      0.110650003      0.107100002      0.110849999      0.111550003    
   1.63999987       2325.00000       2309.00000      0.103961125      0.116250001      0.115450002      0.107150003      0.108149998      0.105949998      0.103850000      0.104000002      0.106500000      0.110100001      0.107550003    
   1.65999985       2295.00000       2148.00000      0.100586392      0.114749998      0.107400000      0.108400002      0.108850002      0.104549997      0.100199997      0.106349997       9.89999995E-02  0.103100002      0.105750002    
   1.67999983       2181.00000       2057.00000       9.72822979E-02  0.109049998      0.102849998       9.89499986E-02  0.101099998       9.89499986E-02  0.101999998      0.101000004      0.100599997       9.84499976E-02   9.37500000E-02
   1.69999981       2113.00000       1969.00000       9.40491110E-02  0.105650000       9.84499976E-02   9.84999985E-02  0.101199999       9.74500030E-02   9.68500003E-02   9.74999964E-02   9.64500010E-02   9.54999998E-02   9.79000032E-02
   1.72000003       1962.00000       1930.00000       9.08869803E-02   9.80999991E-02   9.65000018E-02   9.16000009E-02   9.49999988E-02   9.49499980E-02   9.28499997E-02   9.32999998E-02   9.23999995E-02   9.13499966E-02   9.32999998E-02
   1.74000001       1953.00000       1890.00000       8.77960697E-02   9.76499990E-02   9.44999978E-02   9.21500027E-02   9.01499987E-02   8.86000022E-02   8.86999965E-02   9.08999965E-02   9.17999968E-02   9.32499990E-02   8.76000002E-02
   1.75999999       1812.00000       1828.00000       8.47763643E-02   9.05999988E-02   9.13999975E-02   9.21000019E-02   9.04000029E-02   8.34499970E-02   8.55000019E-02   8.52499977E-02   8.69000033E-02   8.94500017E-02   9.04999971E-02
   1.77999997       1790.00000       1738.00000       8.18277821E-02   8.95000026E-02   8.69000033E-02   8.76500010E-02   8.57999995E-02   8.04999992E-02   8.67500007E-02   8.08999985E-02   8.59500021E-02   8.44499990E-02   8.22999999E-02
   1.79999995       1762.00000       1626.00000       7.89501667E-02   8.81000012E-02   8.12999979E-02   8.70499983E-02   8.33500028E-02   8.12499970E-02   7.94999972E-02   7.98999965E-02   7.66500011E-02   8.26999992E-02   8.16999972E-02
   1.81999993       1673.00000       1682.00000       7.61432797E-02   8.36500004E-02   8.41000006E-02   7.93000013E-02   7.94499964E-02   7.49500021E-02   7.62500018E-02   7.89500028E-02   7.66500011E-02   8.07999969E-02   7.53000006E-02
   1.83999991       1668.00000       1523.00000       7.34068230E-02   8.34000036E-02   7.61500001E-02   7.40000010E-02   7.39500001E-02   7.38999993E-02   7.54500031E-02   7.69499987E-02   7.71500021E-02   7.41999969E-02   7.51499981E-02
   1.85999990       1577.00000       1499.00000       7.07404092E-02   7.88500011E-02   7.49500021E-02   7.27500021E-02   7.75000006E-02   7.50000030E-02   7.46000037E-02   7.46999979E-02   7.49000013E-02   7.36000016E-02   7.11499974E-02
   1.87999988       1521.00000       1441.00000       6.81435838E-02   7.60499984E-02   7.20499977E-02   6.99499995E-02   6.88500032E-02   6.83000013E-02   7.03999996E-02   7.23000020E-02   6.45999983E-02   7.22500011E-02   6.87500015E-02
   1.89999986       1379.00000       1406.00000       6.56158328E-02   6.89499974E-02   7.02999979E-02   6.51500002E-02   6.94999993E-02   6.70000017E-02   6.62499964E-02   6.84000030E-02   6.61500022E-02   6.66000023E-02   6.62000030E-02
   1.91999984       1397.00000       1326.00000       6.31565824E-02   6.98499978E-02   6.62999973E-02   6.63999990E-02   7.02499971E-02   6.38500005E-02   6.36999980E-02   6.31500036E-02   6.50999993E-02   6.12999983E-02   6.10000007E-02
   1.93999982       1320.00000       1416.00000       6.07651882E-02   6.59999996E-02   7.07999989E-02   6.55499995E-02   6.36000037E-02   6.17499985E-02   6.09499998E-02   6.14000000E-02   5.95999993E-02   6.23000003E-02   6.08000010E-02
   1.95999980       1299.00000       1286.00000       5.84409684E-02   6.49499968E-02   6.43000007E-02   6.10500015E-02   6.08499981E-02   6.01000004E-02   5.87499999E-02   5.89499995E-02   6.15000017E-02   6.27999976E-02   5.86000010E-02
   1.98000002       1266.00000       1194.00000       5.61831407E-02   6.32999986E-02   5.97000010E-02   5.98499998E-02   5.85500002E-02   5.70500009E-02   5.66999987E-02   5.82499988E-02   5.50500005E-02   5.66999987E-02   5.82000017E-02
   2.00000000       1248.00000       1110.00000       5.39909676E-02   6.23999983E-02   5.55000007E-02   5.82999997E-02   5.64499982E-02   5.32499999E-02   5.60000017E-02   5.54499999E-02   5.62000014E-02   5.68999983E-02   5.64999990E-02
