           1   217.482193    
           2   48.5320969    
           3   23.0648136    
           4   15.5748835    
           5   13.8693008    
           6   16.5140781    
           7   15.2099657    
           8   10.2594223    
           9   11.6973190    
          10   11.2314730    
          11   15.4822817    
          12   11.5584440    
          13   9.63761234    
          14   8.14230251    
          15   9.46275043    
          16   8.73900127    
          17   8.40590668    
          18   9.84907532    
          19   8.52085590    
          20   10.9444838    
          21   8.41426563    
          22   7.98102379    
          23   6.78097534    
          24   9.28545380    
          25   7.86747026    
          26   9.47472858    
          27   7.15233755    
          28   7.56698179    
          29   7.72771883    
          30   7.55005503    
          31   8.38141251    
          32   9.27753830    
          33   6.70393276    
          34   5.59735060    
          35   7.67736912    
          36   6.31568050    
          37   7.74806738    
          38   8.14391613    
          39   7.22928810    
          40   10.2036209    
          41   7.05603790    
          42   7.00056839    
          43   8.07363415    
          44   6.90661144    
          45   9.54809380    
          46   10.2036209    
          47   7.51798248    
          48   10.2822304    
          49   6.97998714    
          50   6.32544088    
          51   9.51222134    
          52   8.07363415    
          53   7.30949020    
          54   6.88222170    
          55   6.82258272    
          56   6.72229338    
          57   6.51875544    
          58   6.77711916    
          59   6.40636301    
          60   7.70969296    
          61   8.31484699    
          62   6.78085566    
          63   6.42723846    
          64   8.29616356    
          65   7.44269371    
          66   6.34881067    
          67   7.90698147    
          68   6.79805517    
          69   5.39250803    
          70   6.48784542    
          71   7.14957857    
          72   7.72618389    
          73   8.09622192    
          74   8.35145569    
          75   7.72043180    
          76   8.28179741    
          77   8.30650902    
          78   6.88222170    
          79   6.17287588    
          80   6.01533937    
          81   8.93236446    
          82   7.54441643    
          83   5.66803265    
          84   7.69274616    
          85   7.25679827    
          86   6.24387980    
          87   8.29448795    
          88   8.36796379    
          89   7.91617107    
          90   8.35781097    
          91   7.04634714    
          92   7.97550011    
          93   7.29409647    
          94   6.31086731    
          95   6.54135990    
          96   7.43035126    
          97   6.26956320    
          98   7.92723036    
          99   5.81908417    
         100   8.78046513    
         101   5.78225660    
         102   6.59771824    
         103   6.96113920    
         104   8.62927723    
         105   7.92421913    
         106   7.21497488    
         107   5.71377325    
         108   6.55560064    
         109   9.04379845    
         110   7.86154079    
         111   8.21543598    
         112   8.81520271    
         113   6.71888590    
         114   6.33708239    
         115   8.00640011    
         116   9.62546825    
         117   7.11664009    
         118   6.65868998    
         119   6.87722492    
         120   6.74346304    
         121   8.83291531    
         122   8.04898453    
         123   8.42448711    
         124   6.82258272    
         125   7.34235573    
         126   8.56595898    
         127   7.62604570    
         128   5.46011400    
         129   5.71678162    
         130   8.80281162    
         131   7.01040173    
         132   7.85258579    
         133   8.14391613    
         134   6.32303762    
         135   8.08878994    
         136   7.28225756    
         137   8.77799416    
         138   7.74969769    
         139   9.10785103    
         140   8.72188759    
         141   8.66760731    
         142   6.32749987    
         143   8.59641457    
         144   7.29117727    
         145   7.29409647    
         146   6.70461082    
         147   7.73334169    
         148   7.27608728    
         149   7.50032377    
         150   6.09950018    
         151   8.64112949    
         152   6.54007912    
         153   6.31220961    
         154   6.04401731    
         155   6.26107407    
         156   7.79197884    
         157   7.52190113    
         158   6.07797050    
         159   5.80878115    
         160   9.46447086    
         161   10.7383480    
         162   7.54973793    
         163   5.34330797    
         164   8.22592354    
         165   8.21751881    
         166   6.81648684    
         167   8.37971592    
         168   8.94832420    
         169   8.49527645    
         170   8.61894703    
         171   6.86972904    
         172   7.93386030    
         173   7.42072678    
         174   6.27261925    
         175   6.49679804    
         176   7.68379354    
         177   10.7383480    
         178   7.19355011    
         179   7.59598732    
         180   7.10297441    
         181   6.88874197    
         182   7.62740803    
         183   6.64997101    
         184   7.29771233    
         185   9.93739510    
         186   10.1110125    
         187   8.02003765    
         188   6.31086731    
         189   6.94552422    
         190   7.86917925    
         191   9.38249969    
         192   6.91457319    
         193   10.1111135    
         194   8.74706078    
         195   7.52139235    
         196   6.97173023    
         197   7.12872362    
         198   7.62684250    
         199   7.51279831    
         200   7.68458128    
         201   6.19625711    
         202   6.34383488    
         203   6.79095793    
         204   7.27301121    
         205   7.22650337    
         206   6.93061686    
         207   6.26107407    
         208   6.22109938    
         209   7.70969296    
         210   5.23493767    
         211   7.40994787    
         212   5.89000416    
         213   7.32878399    
         214   9.04744720    
         215   6.80590200    
         216   7.53138828    
         217   6.34386635    
         218   7.36337852    
         219   6.82039309    
         220   7.78457451    
         221   7.68940115    
         222   6.67094612    
         223   9.24076748    
         224   8.10143757    
         225   5.89312935    
         226   8.03952599    
         227   8.46183300    
         228   5.59458160    
         229   7.54513502    
         230   7.40287638    
         231   7.67736912    
         232   7.41562748    
         233   6.46636820    
         234   9.32065392    
         235   6.14816380    
         236   9.00942802    
         237   8.45024872    
         238   7.06065130    
         239   9.48480606    
         240   8.36719799    
         241   6.72229338    
         242   6.59771824    
         243   6.08164406    
         244   7.98102379    
         245   6.47563791    
         246   8.59499454    
         247   7.77254486    
         248   8.87369537    
         249   6.52539253    
         250   6.75144863    
